|    name |                T-time | T90 [s] | T90_error [s] |    flux | flux_error |  fluence_1 | fluence_1_error |  fluence_2 | fluence_2_error |  fluence_3 | fluence_3_error |  fluence_4 | fluence_4_error |
| 910502A | 1991-05-02 11:17:47.4 |   0.315 |         0.023 |   0.364 |      0.052 | 6.7073e-09 |      2.2032e-09 | 1.7829e-08 |      3.0396e-09 | 5.8935e-08 |      7.4537e-09 |  5.276e-08 |      6.3551e-08 |
|  910512 | 1991-05-12 15:15:09.4 |   0.132 |         0.077 |   0.165 |      0.052 | 8.5668e-09 |      1.3707e-09 | 8.5117e-09 |       1.434e-09 | 3.3879e-08 |      5.1329e-09 |        0.0 |      6.4211e-08 |
| 910518A | 1991-05-18 03:25:31.4 |   0.085 |         0.003 |   0.198 |      0.067 | 4.0862e-09 |      1.8969e-09 | 8.4507e-09 |      2.1974e-09 | 5.8126e-08 |      6.0817e-09 | 3.3352e-07 |      1.1754e-07 |
| 910521A | 1991-05-21 21:14:13.2 |   1.173 |         0.069 |   0.665 |      0.057 | 1.1181e-08 |       5.512e-09 | 3.5093e-08 |      6.4808e-09 | 1.2263e-07 |      1.3115e-08 | 3.4937e-07 |      1.2767e-07 |
| 910526B | 1991-05-26 04:39:10.1 |   0.448 |         0.091 |   0.288 |      0.045 | 4.4308e-09 |      1.7163e-09 | 1.1202e-08 |      2.4303e-09 | 5.4209e-08 |      7.2257e-09 | 6.6156e-08 |      6.9113e-08 |
| 910602B | 1991-06-02 12:06:29.5 |   0.384 |         0.707 |   0.483 |      0.057 | 1.1875e-08 |      1.6056e-08 | 1.5741e-08 |      1.4111e-08 | 1.5703e-07 |      6.0678e-07 | 1.0978e-06 |      6.0678e-07 |
| 910607B | 1991-06-07 04:31:01.2 |   0.067 |         0.012 |   0.163 |      0.047 | 5.2673e-10 |      1.1284e-09 | 3.6352e-09 |      1.3682e-09 | 2.9896e-08 |      4.6738e-09 | 6.2825e-08 |      6.0895e-08 |
|  910608 | 1991-06-08 23:14:00.7 |    0.96 |         0.091 |     0.8 |      0.055 | 1.4867e-08 |      3.9478e-09 | 3.3207e-08 |      3.0735e-09 |  1.553e-07 |      7.8882e-09 | 8.6784e-07 |      1.0177e-07 |
|  910609 | 1991-06-09 00:48:27.1 |   0.455 |         0.065 |   6.175 |      0.114 | 1.3681e-07 |      5.6766e-09 | 2.4541e-07 |      6.5185e-09 | 1.1921e-06 |      1.6566e-08 | 4.7116e-06 |      1.1955e-07 |
|  910616 | 1991-06-16 10:39:24.8 |   1.536 |         0.091 |   0.523 |      0.063 | 3.2774e-09 |      6.6443e-09 | 1.0944e-08 |      8.1095e-09 | 2.0065e-07 |      1.7344e-08 | 6.1125e-08 |      1.0108e-07 |
|  910625 |   1991-06-25 05:28:34 |   0.034 |         0.005 |   0.374 |      0.064 |  5.037e-09 |      9.3162e-10 | 9.6922e-09 |      1.4265e-09 | 7.2313e-08 |      4.0178e-09 | 6.2209e-07 |      1.0159e-07 |
|  910626 | 1991-06-26 07:15:13.5 |   0.256 |         0.091 |   4.368 |      0.092 | 1.8878e-07 |      6.9883e-09 | 2.5921e-07 |      7.4834e-09 |  5.823e-07 |      1.6244e-08 | 4.7278e-07 |      1.0593e-07 |
| 910702B | 1991-07-02 06:59:53.1 |   0.152 |         0.032 |   1.552 |      0.082 | 1.2804e-08 |      1.7907e-09 | 3.3208e-08 |      3.1043e-09 | 3.8937e-07 |      1.0227e-08 | 4.8366e-06 |      1.7087e-07 |
|  910703 | 1991-07-03 05:03:43.8 |   0.067 |         0.018 |   0.514 |      0.066 | 1.1837e-08 |      1.7601e-09 | 1.6031e-08 |      1.9099e-09 |  1.145e-07 |      7.2916e-09 | 1.0105e-06 |      1.1838e-07 |
| 910705B | 1991-07-05 00:09:02.8 |    0.32 |         0.066 |   0.372 |      0.052 | 9.6414e-09 |      3.3339e-09 | 1.3888e-08 |      2.7498e-09 | 6.5324e-08 |      7.3057e-09 |        0.0 |      4.6022e-08 |
| 910705A | 1991-07-05 19:34:19.6 |     0.1 |         0.059 |   0.114 |      0.054 | 1.2483e-09 |      1.4025e-09 | 3.3176e-09 |       1.673e-09 |  2.689e-08 |      4.7219e-09 | 1.1517e-06 |      1.6608e-07 |
|  910710 | 1991-07-10 04:33:39.4 |   0.896 |         0.373 |   0.308 |       0.05 | 1.1313e-08 |      5.8214e-09 |        0.0 |       7.447e-09 | 7.4761e-08 |      1.3279e-08 | 4.2405e-07 |      1.9342e-07 |
|  910711 | 1991-07-11 09:31:52.4 |   0.183 |         0.065 |   0.302 |      0.066 |        0.0 |      1.4613e-09 | 1.0195e-08 |      1.9366e-09 | 6.1854e-08 |      6.9235e-09 | 3.5508e-07 |      9.0183e-08 |
| 910717A | 1991-07-17 10:23:03.5 |   0.512 |         0.091 |   0.889 |      0.061 | 8.1305e-09 |      2.4365e-09 | 3.2055e-08 |      3.2273e-09 | 1.8662e-07 |      1.0367e-08 | 3.2394e-07 |      6.7299e-08 |
| 910718A | 1991-07-18 21:07:29.3 |    0.25 |         0.109 |   1.073 |      0.074 | 1.6367e-08 |      4.2097e-09 | 4.0115e-08 |      4.4448e-09 | 2.1869e-07 |      1.0505e-08 | 7.3939e-07 |      7.5909e-08 |
|  910722 | 1991-07-22 11:38:46.2 |   0.119 |         0.045 |   0.375 |      0.078 | 6.3392e-09 |      2.1779e-09 | 8.6291e-09 |      2.0734e-09 | 9.5281e-08 |      8.1475e-09 | 7.6674e-07 |      1.3584e-07 |
| 910725B | 1991-07-25 02:07:07.6 |   0.413 |         0.022 |   1.065 |      0.089 | 1.1033e-08 |      3.2848e-09 | 4.3898e-08 |      5.4633e-09 | 2.0245e-07 |      1.2936e-08 | 1.6743e-07 |      6.0689e-08 |
| 910802A | 1991-08-02 00:45:16.3 |   1.472 |         0.272 |   1.723 |      0.097 | 3.6717e-08 |      6.1806e-09 | 1.0627e-07 |      9.8247e-09 | 3.4185e-07 |      2.6187e-08 | 4.0807e-07 |      1.6485e-07 |
| 910814A | 1991-08-14 13:58:58.5 |   0.055 |         0.008 |   0.487 |       0.06 | 3.9611e-09 |        1.31e-09 |  1.139e-08 |      1.3542e-09 | 9.8344e-08 |      4.9536e-09 | 1.5001e-06 |      1.4576e-07 |
|  910827 | 1991-08-27 07:31:30.4 |   0.183 |         0.031 |   0.174 |      0.065 |  2.999e-09 |      1.4686e-09 | 3.6999e-09 |      2.1466e-09 | 4.3709e-08 |      5.6884e-09 | 5.2321e-07 |      9.8589e-08 |
|  910828 | 1991-08-28 08:16:59.6 |   1.792 |         0.231 |   0.476 |      0.053 | 2.9184e-09 |      1.1964e-08 | 1.1927e-08 |      1.5382e-08 |  1.324e-07 |      4.1701e-08 | 7.3552e-07 |      3.7769e-07 |
|  910912 | 1991-09-12 05:56:11.9 |   0.303 |         0.027 |   0.381 |      0.057 | 1.7202e-08 |      4.1214e-09 | 2.6698e-08 |      3.3537e-09 | 4.0281e-08 |      7.2842e-09 | 5.8796e-08 |      4.8138e-08 |
|  910916 | 1991-09-16 16:31:50.6 |   0.173 |         0.008 |   0.258 |      0.048 | 1.1022e-08 |      2.4062e-09 | 1.5064e-08 |      1.7885e-09 | 3.7172e-08 |      3.9724e-09 |        0.0 |       7.865e-08 |
|  910919 | 1991-09-19 22:53:56.1 |    1.28 |         1.421 |   1.045 |      0.059 | 3.1359e-08 |      3.4508e-09 | 4.8678e-08 |      3.1092e-09 | 1.7601e-07 |      9.1991e-09 | 2.7345e-07 |      5.9206e-08 |
| 910928B | 1991-09-28 22:47:47.1 |   1.088 |         0.547 |   0.202 |      0.049 | 2.0732e-08 |      1.5289e-08 | 3.2218e-09 |      1.2399e-08 | 5.2752e-08 |      2.8096e-08 |        0.0 |      2.6375e-07 |
| 910928A | 1991-09-28 08:50:16.9 |   0.131 |         0.015 |    0.56 |      0.056 | 1.0464e-08 |      2.3029e-09 | 1.7146e-08 |      1.8681e-09 | 1.2907e-07 |      6.1046e-09 | 4.9699e-07 |      8.8101e-08 |
|  910929 | 1991-09-29 17:11:56.8 |    0.32 |         0.091 |   0.181 |      0.058 | 1.5944e-09 |      2.6437e-09 | 8.5562e-09 |      3.5287e-09 |  2.902e-08 |      7.5106e-09 | 4.6737e-08 |      6.4882e-08 |
|  911002 | 1991-10-02 08:52:51.8 |   0.896 |         0.771 |   0.206 |      0.058 | 9.9393e-09 |      2.6332e-09 | 1.6165e-08 |       3.416e-09 | 2.0607e-08 |      7.2118e-09 | 2.7367e-08 |      4.2736e-08 |
|  911007 | 1991-10-07 15:32:09.2 |   0.384 |         0.143 |   0.381 |      0.064 | 2.5293e-09 |      4.1402e-09 | 7.5625e-09 |      3.5753e-09 | 9.5374e-08 |      9.4977e-09 | 3.8885e-07 |      1.3062e-07 |
| 911016A | 1991-10-16 05:52:49.7 |   0.398 |          0.02 |   1.028 |      0.077 | 1.4178e-08 |      4.1981e-09 | 2.9693e-08 |      3.7883e-09 | 2.2335e-07 |      1.2984e-08 | 3.1483e-07 |      6.8593e-08 |
|  911019 | 1991-10-19 06:59:11.6 |   0.832 |          0.32 |   0.191 |      0.056 |  4.872e-08 |      1.1211e-08 | 1.5794e-08 |      1.1547e-08 | 1.0692e-07 |      3.2873e-08 |  5.682e-08 |      1.8668e-07 |
| 911025B | 1991-10-25 01:54:03.2 |   0.801 |           0.1 |   0.142 |      0.044 | 2.5935e-08 |      9.7068e-09 | 1.7617e-08 |      1.2096e-08 |        0.0 |      3.3622e-08 | 1.7107e-06 |      1.8436e-06 |
| 911025A | 1991-10-25 21:25:14.8 |   1.438 |         0.065 |    1.09 |      0.062 | 4.9321e-08 |      7.3518e-09 | 6.7313e-08 |      6.8361e-09 | 2.9985e-07 |      2.3411e-08 | 1.0529e-06 |      2.5387e-07 |
|  911113 |   1991-11-13 13:41:44 |    0.32 |          0.32 |   0.205 |      0.052 | 6.6279e-09 |      1.2422e-09 | 9.3993e-09 |      1.7686e-09 | 2.2061e-08 |      4.0571e-09 |  3.775e-08 |      7.6575e-08 |
| 911117B | 1991-11-17 14:48:49.7 |   0.161 |         0.016 |   0.693 |      0.063 | 9.9122e-09 |      1.7112e-09 |  2.061e-08 |      1.9768e-09 | 1.5769e-07 |      7.7817e-09 | 9.2861e-07 |      1.3799e-07 |
| 911117A | 1991-11-17 04:35:41.1 |   0.512 |          1.09 |   0.667 |      0.063 | 1.4245e-08 |      2.6031e-09 | 3.3047e-08 |      3.7421e-09 | 1.0893e-07 |      8.8992e-09 | 1.3323e-07 |      6.1486e-08 |
| 911119B | 1991-11-19 06:29:01.6 |   0.192 |         0.091 |   1.368 |      0.072 | 1.9668e-08 |      3.1354e-09 | 3.6021e-08 |      2.6773e-09 | 3.3484e-07 |      8.2869e-09 | 2.6574e-06 |      1.5658e-07 |
| 911120C | 1991-11-20 11:22:25.3 |   0.794 |         0.467 |     0.3 |      0.054 | 5.2164e-09 |      3.3252e-09 | 1.6448e-08 |      3.0222e-09 | 4.6415e-08 |      8.3885e-09 | 9.2896e-08 |       4.497e-08 |
| 911120B | 1991-11-20 22:27:33.1 |   0.187 |         0.078 |   0.472 |      0.054 |  8.756e-09 |      1.7591e-09 | 2.0563e-08 |      1.8209e-09 | 7.2377e-08 |      5.6947e-09 | 2.0393e-07 |      8.3916e-08 |
| 911120A | 1991-11-20 07:52:59.4 |    0.32 |          0.58 |   0.255 |      0.052 | 4.7787e-09 |      2.8954e-09 | 1.4931e-08 |      3.3424e-09 | 3.2435e-08 |      6.0107e-09 |        0.0 |       4.016e-08 |
| 911123A | 1991-11-23 04:24:27.7 |   0.442 |         0.017 |   0.707 |      0.059 | 1.4849e-08 |      4.4968e-09 | 3.1691e-08 |      3.4405e-09 | 1.4168e-07 |       8.191e-09 | 1.3467e-06 |      1.0205e-07 |
| 911129B | 1991-11-29 17:59:51.1 |    0.96 |         0.264 |   0.347 |      0.055 | 7.8274e-09 |      2.4459e-09 | 1.6583e-08 |      3.2218e-09 | 5.4857e-08 |      7.4654e-09 | 6.4974e-08 |      5.2385e-08 |
| 911129A | 1991-11-29 09:56:51.2 |   0.295 |          0.03 |   0.118 |      0.046 | 1.8681e-09 |      2.5639e-09 | 5.9393e-09 |       2.598e-09 | 1.8798e-08 |      6.7569e-09 |        0.0 |      2.7199e-08 |
| 911209C |   1991-12-09 00:56:48 |   0.193 |          0.02 |   0.404 |      0.057 | 2.4175e-09 |      1.1888e-09 | 1.2153e-08 |      1.7757e-09 |  9.765e-08 |      6.5147e-09 | 1.0894e-06 |      1.4915e-07 |
| 911224A | 1991-12-24 06:05:44.2 |   0.763 |         0.536 |    0.68 |      0.062 | 7.9075e-09 |      3.2531e-09 | 3.3551e-08 |      3.9764e-09 | 1.1023e-07 |      8.1043e-09 | 5.6211e-08 |      3.8685e-08 |
|  911226 | 1991-12-26 03:36:41.5 |   0.974 |         0.451 |    0.41 |      0.052 | 4.2294e-08 |      7.6938e-09 | 2.3097e-08 |      8.6109e-09 | 3.6174e-08 |      1.6342e-08 | 7.7532e-08 |      1.7903e-07 |
| 920110B | 1992-01-10 11:04:11.4 |   0.681 |         0.043 |   0.713 |      0.062 | 2.3567e-08 |      3.1699e-09 | 3.4574e-08 |       3.568e-09 | 1.1134e-07 |       8.634e-09 | 1.5483e-07 |      7.7969e-08 |
| 920121B | 1992-01-21 21:56:49.1 |   0.215 |         0.026 |   0.427 |      0.058 | 3.5419e-09 |      1.2981e-09 | 1.9467e-08 |      2.1302e-09 | 7.1334e-08 |      5.3092e-09 |        0.0 |      7.3401e-08 |
|  920205 | 1992-02-05 15:04:31.4 |   0.258 |         0.154 |   0.309 |       0.06 | 8.4114e-09 |      3.0201e-09 | 1.1281e-08 |      3.3142e-09 |   6.84e-08 |      8.9757e-09 | 5.6816e-07 |      9.5999e-08 |
| 920216B | 1992-02-16 13:42:51.8 |   1.408 |          0.59 |   0.393 |      0.061 | 6.4893e-09 |      4.1658e-09 | 1.6486e-08 |      6.2473e-09 | 8.9585e-08 |      1.3605e-08 | 4.6539e-08 |      7.2788e-08 |
| 920224B | 1992-02-24 21:38:00.9 |   1.216 |          0.32 |   0.277 |      0.051 |        0.0 |      4.0474e-09 | 9.1711e-09 |      4.8686e-09 | 7.2214e-08 |      9.8623e-09 | 1.2446e-07 |      9.1751e-08 |
| 920229B | 1992-02-29 19:21:17.2 |   0.192 |         0.453 |   1.803 |      0.073 | 2.8979e-08 |        2.33e-09 | 6.0954e-08 |      2.6477e-09 |  4.069e-07 |      9.9032e-09 | 6.8756e-07 |      1.1089e-07 |
| 920303B | 1992-03-03 07:51:29.8 |   0.461 |         0.449 |   0.132 |       0.07 | 3.0045e-09 |      4.4744e-09 | 4.9292e-09 |      4.4499e-09 | 3.1429e-08 |      7.5804e-09 | 3.3907e-07 |      1.0209e-07 |
| 920305C | 1992-03-05 01:00:42.2 |   0.192 |         0.091 |   0.496 |      0.057 | 3.8078e-08 |      2.0867e-09 | 3.7595e-08 |      2.4253e-09 |  4.894e-08 |      4.2597e-09 |        0.0 |      6.4741e-08 |
| 920314B | 1992-03-14 09:41:51.9 |   1.408 |         0.326 |   0.509 |      0.061 | 6.1755e-08 |      1.2571e-08 | 3.8342e-08 |      1.0721e-08 | 8.4193e-08 |      2.7028e-08 |        0.0 |      5.3636e-07 |
| 920325B | 1992-03-25 12:58:07.9 |   1.088 |         0.264 |   1.299 |      0.065 | 6.1336e-08 |       8.558e-09 | 5.7007e-08 |      9.7416e-09 |  4.639e-07 |      2.8308e-08 | 7.3942e-07 |       3.806e-07 |
| 920414B | 1992-04-14 23:22:41.9 |    0.96 |         0.143 |   7.009 |      0.098 | 1.4362e-07 |      4.4026e-09 |  2.241e-07 |      5.0545e-09 | 1.5113e-06 |      1.6435e-08 |  9.041e-06 |      1.9467e-07 |
| 920423A | 1992-04-23 17:40:22.6 |   0.074 |          0.06 |   0.139 |       0.05 | 1.7964e-09 |      1.4269e-09 | 5.2493e-09 |      1.5623e-09 | 2.6492e-08 |       4.537e-09 | 2.5347e-07 |      1.1723e-07 |
|  920508 | 1992-05-08 03:58:24.8 |   0.384 |         0.091 |   0.513 |      0.052 | 7.2808e-09 |      3.1746e-09 | 2.0478e-08 |       3.099e-09 | 1.0335e-07 |      7.9699e-09 | 6.9017e-07 |      1.0187e-07 |
|  920605 | 1992-06-05 17:05:49.5 |   1.408 |         0.181 |   1.485 |      0.073 | 2.8915e-08 |      1.3387e-08 | 4.8138e-08 |      1.3946e-08 |  6.769e-07 |      3.6407e-08 | 3.2109e-06 |      5.6527e-07 |
|  920606 | 1992-06-06 20:52:19.8 |   0.512 |         0.202 |   0.449 |      0.051 | 4.3569e-09 |      3.6049e-09 | 1.9033e-08 |      3.1432e-09 | 8.8225e-08 |      7.6438e-09 | 5.8213e-08 |      5.7908e-08 |
| 920620C | 1992-06-20 18:13:13.2 |   0.768 |         0.143 |   0.322 |      0.065 | 1.1353e-08 |       4.824e-09 | 8.7934e-09 |      3.6023e-09 | 7.0462e-08 |      9.5658e-09 | 3.1385e-07 |      1.4156e-07 |
| 920622C | 1992-06-22 16:07:20.9 |   0.192 |         0.091 |   0.554 |      0.058 | 7.9047e-09 |      1.8812e-09 | 1.5209e-08 |      1.8638e-09 | 1.1957e-07 |      6.7511e-09 | 9.6683e-07 |       1.579e-07 |
| 920622B | 1992-06-22 06:28:02.9 |   0.419 |         0.142 |   0.183 |      0.044 | 8.7785e-09 |      2.8103e-09 | 1.0132e-08 |       2.366e-09 | 2.6657e-08 |      6.6699e-09 | 9.4368e-08 |      1.1538e-07 |
|  920629 | 1992-06-29 09:06:54.1 |   0.128 |         0.453 |   0.095 |      0.048 |        0.0 |      1.2681e-09 | 3.6931e-09 |      1.4615e-09 | 2.3946e-08 |      4.4759e-09 | 6.7188e-08 |      1.0932e-07 |
| 920711A | 1992-07-11 10:28:12.5 |   0.388 |         0.158 |   0.532 |      0.055 | 1.4568e-08 |      2.1585e-09 | 1.1928e-08 |      2.6897e-09 | 1.2451e-07 |      9.3141e-09 |  4.892e-07 |      1.8565e-07 |
|  920722 | 1992-07-22 21:21:27.2 |   1.047 |         0.161 |   1.192 |      0.059 | 2.1566e-08 |      9.9345e-09 | 2.8183e-08 |      1.0263e-08 |  4.079e-07 |      2.7417e-08 | 1.4261e-06 |      4.3245e-07 |
| 920803B | 1992-08-03 02:10:03.6 |   0.128 |         0.143 |   0.367 |       0.05 | 7.8031e-09 |      1.6456e-09 | 1.6982e-08 |      1.7529e-09 | 5.6317e-08 |      4.5126e-09 |        0.0 |      7.7645e-08 |
| 920804A | 1992-08-04 16:38:53.4 |   0.578 |         0.128 |    0.36 |      0.053 |  3.437e-09 |      3.5268e-09 | 1.5139e-08 |      3.0179e-09 | 7.2205e-08 |      8.6184e-09 | 2.0964e-07 |      9.6221e-08 |
|  920808 | 1992-08-08 03:55:28.8 |   0.576 |         0.143 |   1.811 |      0.068 | 3.5367e-08 |      3.6847e-09 | 7.2355e-08 |      3.9085e-09 | 3.5251e-07 |      1.0132e-08 | 7.3099e-07 |      8.9295e-08 |
| 920811B | 1992-08-11 02:49:58.1 |   1.235 |         0.541 |   0.413 |      0.049 | 2.1633e-08 |      7.4332e-09 | 4.2591e-08 |      8.7116e-09 | 1.5163e-08 |      2.0496e-08 |        0.0 |      3.3348e-07 |
|  920818 | 1992-08-18 14:09:41.6 |   1.152 |          0.32 |   0.526 |       0.06 | 7.8701e-09 |      1.1123e-08 | 3.6373e-08 |      1.1856e-08 | 1.3479e-07 |      3.1125e-08 | 1.0043e-06 |      4.4712e-07 |
| 921001A | 1992-10-01 07:09:40.9 |   0.704 |         0.345 |   0.355 |      0.055 |  1.271e-08 |      3.8574e-09 | 9.1285e-09 |      3.0349e-09 | 7.8388e-08 |      8.1831e-09 | 1.6133e-07 |      1.0923e-07 |
| 921023A | 1992-10-23 19:14:44.9 |   0.522 |          0.18 |   0.366 |      0.047 | 8.0453e-09 |      3.1541e-09 | 6.7631e-09 |      2.5404e-09 | 8.9133e-08 |      7.3865e-09 | 1.3769e-07 |      1.0099e-07 |
| 921102B | 1992-11-02 15:47:08.5 |   1.112 |         0.193 |   0.694 |      0.065 |        0.0 |      1.2075e-08 | 4.5786e-08 |      1.2618e-08 |  1.263e-07 |      3.4897e-08 | 7.2643e-07 |      3.6083e-07 |
|  921108 | 1992-11-08 09:09:37.3 |   0.512 |         0.143 |   0.238 |       0.05 | 7.0632e-09 |      2.7755e-09 | 1.4572e-08 |       2.879e-09 |  3.241e-08 |      7.3094e-09 | 4.6685e-08 |      8.3504e-08 |
| 921111A | 1992-11-11 09:23:09.1 |   0.128 |         0.143 |   0.303 |      0.054 | 4.7608e-09 |      1.6793e-09 | 1.1729e-08 |      1.8293e-09 | 6.8082e-08 |      5.1305e-09 | 2.8553e-07 |      1.1287e-07 |
|  921115 | 1992-11-15 19:49:27.7 |   1.792 |         0.389 |   0.271 |      0.052 | 3.0022e-08 |      1.7407e-08 | 7.0865e-08 |      1.6541e-08 | 1.0522e-07 |      4.1149e-08 | 9.4437e-07 |      7.2452e-07 |
| 921123A | 1992-11-23 12:56:23.7 |   0.591 |          0.06 |   2.146 |      0.072 | 4.9653e-08 |      3.7038e-09 | 9.8077e-08 |      4.0285e-09 | 3.7804e-07 |      1.0787e-08 | 2.1843e-07 |      7.7944e-08 |
|  921214 | 1992-12-14 14:06:04.7 |   0.216 |         0.021 |   0.061 |      0.054 | 2.0451e-09 |      1.9393e-09 | 1.1714e-09 |      1.7547e-09 | 2.7089e-08 |        4.54e-09 | 1.6519e-06 |      1.4224e-07 |
|  921219 | 1992-12-19 13:40:23.1 |   1.024 |         0.405 |   0.494 |      0.051 | 1.2346e-08 |      3.3355e-09 | 1.5745e-08 |      2.7699e-09 | 1.0479e-07 |      7.8714e-09 | 4.1015e-07 |      1.1581e-07 |
| 930103A |   1993-01-03 01:15:30 |   0.508 |         0.029 |   0.487 |      0.053 | 1.7161e-08 |      3.0674e-09 | 2.2623e-08 |      2.9947e-09 | 8.2464e-08 |      7.6867e-09 | 8.0409e-08 |      7.3001e-08 |
| 930104B | 1993-01-04 01:00:01.8 |    0.64 |         0.286 |   0.444 |      0.107 |        0.0 |      7.4679e-09 | 1.3331e-08 |      6.8483e-09 | 1.0601e-07 |      1.6151e-08 | 4.5722e-07 |       1.505e-07 |
| 930110B | 1993-01-10 06:22:34.4 |   0.401 |         0.061 |   0.765 |      0.056 | 1.5249e-08 |      2.8698e-09 | 2.4689e-08 |      3.0444e-09 | 1.6213e-07 |      8.7291e-09 |  1.882e-07 |      8.2546e-08 |
| 930110A | 1993-01-10 01:51:38.7 |   0.223 |         0.013 |   2.501 |      0.069 | 4.0941e-08 |      1.9922e-09 | 8.5848e-08 |      2.8525e-09 | 5.2013e-07 |      1.0402e-08 | 3.9092e-06 |      2.1379e-07 |
| 930113B | 1993-01-13 15:30:58.9 |    0.09 |         0.029 |   0.217 |      0.048 | 3.8026e-09 |      1.3406e-09 | 1.1093e-08 |      1.5874e-09 | 4.0402e-08 |      4.5416e-09 |        0.0 |      1.0989e-07 |
|  930124 | 1993-01-24 18:16:58.2 |   0.768 |         0.405 |   0.236 |      0.046 |  3.389e-09 |      2.2926e-09 |  9.861e-09 |      2.6056e-09 | 4.6064e-08 |      7.2375e-09 | 1.3044e-07 |      9.5889e-08 |
|  930125 | 1993-01-25 20:45:40.9 |   0.248 |          0.04 |     0.3 |      0.064 | 5.0523e-09 |      1.6605e-09 | 6.0834e-09 |      1.9797e-09 | 7.3025e-08 |      6.5513e-09 | 2.8694e-07 |      1.7193e-07 |
| 930201A | 1993-02-01 13:51:32.2 |   0.708 |          0.08 |    0.73 |      0.054 | 1.4707e-08 |      2.6685e-09 | 1.8595e-08 |      2.9228e-09 | 1.6836e-07 |      8.6588e-09 | 7.1294e-07 |      1.4265e-07 |
| 930203B | 1993-02-03 01:02:51.8 |   0.051 |         0.018 |   0.161 |      0.045 | 2.7688e-09 |      7.1249e-10 | 2.1286e-09 |      7.6598e-10 | 1.1008e-08 |      2.2112e-09 |        0.0 |      6.0732e-08 |
| 930203A | 1993-02-03 11:22:28.8 |   0.177 |         0.083 |   0.187 |      0.053 | 2.1318e-09 |      1.7628e-09 | 5.7399e-09 |      1.7067e-09 | 4.6474e-08 |      4.8867e-09 | 1.4651e-07 |      1.0955e-07 |
| 930204A | 1993-02-04 22:32:49.5 |   0.391 |         0.023 |   0.436 |      0.055 | 6.4537e-09 |      2.7889e-09 |  1.762e-08 |      3.1063e-09 |  8.655e-08 |      8.5617e-09 | 3.3112e-07 |      1.0926e-07 |
| 930206A | 1993-02-06 01:16:48.3 |   0.128 |         0.091 |   0.529 |      0.056 | 7.5519e-09 |      1.9227e-09 | 1.9836e-08 |      2.0236e-09 | 1.0649e-07 |      5.6561e-09 | 5.3982e-07 |       1.101e-07 |
| 930219E |   1993-02-19 20:54:06 |   1.152 |         0.607 |    0.29 |      0.051 | 2.8235e-09 |      1.1166e-08 | 1.0243e-08 |      1.2654e-08 | 7.0893e-08 |      3.5449e-08 | 1.1698e-06 |      6.6371e-07 |
| 930219B | 1993-02-19 03:20:40.8 |    0.38 |         0.065 |   0.371 |      0.054 |  7.518e-09 |      3.5075e-09 | 1.4584e-08 |       2.981e-09 | 7.2679e-08 |      8.4345e-09 | 2.1736e-07 |      1.0675e-07 |
|  930220 | 1993-02-20 01:34:58.8 |   0.602 |         0.114 |   0.522 |       0.06 | 7.0019e-09 |       2.823e-09 | 1.3665e-08 |      3.2597e-09 | 1.2106e-07 |      9.8067e-09 | 1.7381e-07 |      1.1686e-07 |
|  930304 |   1993-03-04 08:38:42 |   0.656 |         0.029 |   1.615 |      0.062 | 2.1093e-08 |       2.808e-09 | 2.9111e-08 |      3.0864e-09 | 4.1386e-07 |      1.1004e-08 | 4.1564e-06 |       2.077e-07 |
| 930305A | 1993-03-05 10:49:17.1 |   0.951 |         0.322 |   0.432 |      0.052 | 7.1227e-09 |      3.2153e-09 |   2.03e-08 |      3.1008e-09 | 7.7977e-08 |      7.6019e-09 | 2.4883e-07 |      7.9709e-08 |
|  930324 | 1993-03-24 04:41:27.2 |   0.456 |         0.034 |   0.538 |      0.052 | 4.7054e-09 |      2.8397e-09 | 2.2548e-08 |      3.0636e-09 | 1.0557e-07 |       8.017e-09 | 1.9945e-08 |      5.6262e-08 |
| 930326A | 1993-03-26 06:26:22.5 |   1.954 |         0.129 |   1.294 |      0.059 | 6.9309e-08 |      1.4181e-08 | 1.1541e-07 |      1.5122e-08 | 4.3872e-07 |      3.7434e-08 |        0.0 |      2.5957e-07 |
|  930329 | 1993-03-29 03:09:25.7 |   0.224 |         0.066 |   2.539 |      0.067 | 3.8153e-08 |      2.4002e-09 | 8.5498e-08 |      2.8709e-09 | 5.3248e-07 |      8.9733e-09 |  2.183e-06 |      1.2633e-07 |
| 930405C | 1993-04-05 21:10:23.6 |   0.448 |         0.091 |   0.256 |      0.046 | 4.7646e-09 |      3.0467e-09 | 6.0938e-09 |      2.8048e-09 | 5.9409e-08 |      6.5925e-09 | 7.1664e-08 |      6.9958e-08 |
| 930406B | 1993-04-06 22:03:17.5 |   0.064 |         0.091 |   0.051 |      0.048 | 6.5649e-10 |      1.3862e-09 | 2.3412e-09 |      1.4771e-09 | 1.6178e-08 |      4.2348e-09 | 1.4291e-07 |      1.1253e-07 |
| 930421A | 1993-04-21 04:27:01.7 |   0.272 |         0.133 |   0.444 |      0.054 | 8.5729e-09 |      2.9307e-09 | 1.0532e-08 |        3.02e-09 | 1.0435e-07 |      8.4254e-09 | 4.5113e-07 |      1.3563e-07 |
| 930425B | 1993-04-25 14:54:47.7 |   0.896 |         0.091 |   3.439 |      0.078 | 1.2128e-07 |      3.4687e-09 | 2.2096e-07 |      4.5225e-09 | 4.2043e-07 |      1.0621e-08 | 2.8581e-08 |      5.4723e-08 |
|  930428 | 1993-04-28 01:07:12.6 |   0.608 |         0.041 |    3.07 |      0.075 | 7.6745e-08 |       3.592e-09 | 1.4104e-07 |      4.2788e-09 | 5.4185e-07 |      1.1219e-08 | 1.0273e-06 |      9.5619e-08 |
| 930503D |   1993-05-03 16:57:39 |   0.088 |         0.025 |   0.185 |      0.049 | 1.0904e-09 |      1.0799e-09 | 6.3157e-09 |      1.4095e-09 | 3.2445e-08 |       4.959e-09 | 4.4571e-07 |      1.5534e-07 |
| 930506C | 1993-05-06 18:13:51.8 |   0.804 |         0.009 |   1.522 |       0.06 | 2.8668e-08 |      3.4705e-09 | 4.9015e-08 |      3.4344e-09 | 3.2754e-07 |      9.1762e-09 | 1.3954e-06 |      9.6973e-08 |
|  930510 | 1993-05-10 02:23:10.4 |   0.052 |         0.156 |   0.143 |      0.051 | 1.4436e-09 |      8.3257e-10 |   3.39e-09 |      8.9435e-10 | 1.6898e-08 |      2.7396e-09 | 7.1543e-08 |      7.6222e-08 |
| 930524A | 1993-05-24 17:44:52.9 |    0.96 |         0.256 |    0.37 |      0.048 | 1.0295e-08 |      2.8842e-09 | 1.8961e-08 |      2.8299e-09 | 5.9662e-08 |      6.9218e-09 | 5.4118e-08 |      7.0001e-08 |
|  930526 |   1993-05-26 20:32:34 |   1.008 |          0.04 |   0.813 |      0.058 | 1.1284e-08 |      3.0464e-09 | 2.9384e-08 |      3.2445e-09 | 1.6869e-07 |      9.0495e-09 | 1.9786e-07 |      8.9694e-08 |
|  930528 | 1993-05-28 12:19:14.1 |   0.424 |         0.051 |   0.898 |      0.054 | 1.8109e-08 |      3.3401e-09 | 3.8841e-08 |      2.9436e-09 | 1.6559e-07 |       8.438e-09 | 1.2546e-07 |       7.862e-08 |
|  930529 |   1993-05-29 03:44:57 |    1.28 |         0.091 |   0.268 |      0.053 | 7.9373e-10 |       2.604e-08 | 7.2586e-09 |      1.9489e-08 | 9.6778e-08 |      4.8305e-08 |        0.0 |      4.1205e-07 |
| 930530B | 1993-05-30 09:27:59.6 |   0.568 |         0.193 |   0.483 |      0.049 | 1.0358e-08 |      3.0331e-09 | 2.5414e-08 |      2.7473e-09 | 7.7862e-08 |      7.5938e-09 | 8.7108e-08 |      8.0534e-08 |
| 930601B |   1993-06-01 20:09:42 |   1.536 |         0.604 |   0.412 |      0.058 | 2.1479e-08 |      2.0311e-08 | 4.9971e-08 |      1.6785e-08 | 2.1016e-07 |      5.2519e-08 | 2.0394e-07 |      6.7195e-07 |
| 930605A | 1993-06-05 02:14:48.5 |   0.256 |         0.103 |   0.171 |      0.047 |        0.0 |      2.7526e-09 | 9.5443e-09 |      2.8833e-09 | 2.9522e-08 |      7.5434e-09 | 6.4178e-08 |      7.5241e-08 |
| 930606B | 1993-06-06 20:50:07.1 |   0.496 |         0.011 |   1.585 |      0.065 | 2.4656e-08 |      3.4338e-09 | 4.1405e-08 |      3.5926e-09 | 3.6975e-07 |      1.0386e-08 | 2.1255e-06 |      1.3575e-07 |
| 930608B | 1993-06-08 19:41:34.2 |    1.92 |         0.528 |   0.239 |      0.051 | 7.0833e-08 |      1.6412e-08 | 5.3604e-08 |      1.4926e-08 | 2.8549e-08 |      4.2424e-08 | 1.5324e-06 |      2.2167e-06 |
| 930609B | 1993-06-09 19:26:28.6 |   0.192 |         0.091 |   0.159 |      0.047 | 5.3283e-09 |      1.3356e-09 | 9.8302e-09 |      1.5388e-09 | 1.7269e-08 |      4.1121e-09 | 8.4657e-08 |       1.197e-07 |
| 930614B | 1993-06-14 21:50:54.3 |   0.128 |         0.091 |   0.181 |      0.063 |  4.183e-10 |      2.1537e-09 | 9.0176e-09 |      2.1433e-09 | 3.1302e-08 |      5.5693e-09 | 2.1624e-08 |      8.8974e-08 |
|  930623 | 1993-06-23 03:09:34.2 |   1.407 |         0.346 |   0.358 |      0.049 | 4.6694e-08 |      1.1235e-08 | 5.3954e-08 |      1.0379e-08 |        0.0 |      2.2566e-08 | 1.7528e-05 |      2.3753e-06 |
| 930708A | 1993-07-08 12:18:03.8 |    0.32 |         0.091 |   0.212 |      0.046 | 4.7085e-08 |      1.2263e-08 | 1.7754e-08 |      1.2872e-08 | 7.6343e-08 |      3.1465e-08 |        0.0 |      3.1884e-07 |
| 930719B | 1993-07-19 08:56:14.2 |   0.768 |         0.521 |   0.647 |      0.059 | 1.3438e-09 |      3.5817e-09 |  1.629e-08 |      3.5261e-09 | 1.7054e-07 |      1.0178e-08 | 5.7825e-07 |      9.4834e-08 |
| 930719A | 1993-07-19 11:17:47.2 |   0.208 |         0.058 |   0.167 |      0.051 | 4.2555e-09 |      1.6259e-09 | 3.7993e-09 |      1.5842e-09 | 3.6945e-08 |      4.8256e-09 | 2.6869e-07 |      1.3268e-07 |
| 930721A | 1993-07-21 14:54:52.1 |   1.359 |         0.218 |   0.698 |      0.056 | 3.9104e-08 |      1.8248e-08 | 9.6225e-08 |      1.5794e-08 | 1.9201e-07 |      4.2845e-08 | 7.8353e-07 |      6.8144e-07 |
| 930809A |   1993-08-09 02:25:17 |   0.176 |         0.025 |   0.268 |       0.06 | 5.3081e-09 |      2.5386e-09 | 1.2826e-08 |      1.9651e-09 |  3.475e-08 |      5.3375e-09 |        0.0 |      1.0546e-07 |
|  930811 | 1993-08-11 14:01:41.5 |   0.336 |         0.069 |   0.473 |      0.059 | 1.1125e-08 |      3.8661e-09 | 1.0229e-08 |      3.2249e-09 |  1.123e-07 |      9.0902e-09 | 4.5648e-07 |      1.4902e-07 |
|  930824 |   1993-08-24 06:15:50 |   0.512 |         0.051 |   0.497 |      0.047 | 4.6575e-09 |      2.4588e-09 | 1.4367e-08 |      2.6153e-09 | 1.1607e-07 |      7.8269e-09 | 5.1495e-07 |      1.0998e-07 |
|  930826 | 1993-08-26 18:58:08.7 |   0.128 |         0.091 |   0.341 |      0.047 |        0.0 |      2.3323e-08 | 3.0492e-08 |      1.6624e-08 |  1.355e-07 |      4.0407e-08 | 2.5616e-07 |      3.9633e-07 |
| 930903C | 1993-09-03 02:36:37.3 |   0.359 |         0.075 |   0.664 |      0.049 | 2.0116e-08 |       2.504e-09 | 2.7283e-08 |      2.6902e-09 | 1.2308e-07 |      7.5576e-09 | 1.4808e-07 |      8.8124e-08 |
| 930903A | 1993-09-03 12:52:37.4 |   1.408 |         0.202 |   0.398 |      0.055 | 2.0677e-08 |      1.4748e-08 |  5.187e-08 |      1.6449e-08 | 5.8383e-08 |      4.2296e-08 | 1.2361e-06 |      8.8548e-07 |
| 930905A | 1993-09-05 03:26:30.2 |     0.2 |         0.094 |   4.732 |      0.091 | 1.0405e-07 |      3.2764e-09 | 2.0922e-07 |      4.4473e-09 | 8.9344e-07 |      1.2431e-08 | 2.1639e-06 |       1.525e-07 |
|  930911 | 1993-09-11 23:16:01.4 |    0.68 |         0.115 |   0.821 |      0.055 | 1.8079e-08 |      3.5367e-09 | 2.5495e-08 |      3.0127e-09 | 1.7712e-07 |      8.6928e-09 | 7.4964e-07 |      1.2367e-07 |
| 930913A | 1993-09-13 17:35:14.7 |   0.256 |         0.091 |   0.198 |      0.052 | 4.6333e-08 |      1.9157e-08 | 1.2818e-08 |      1.5515e-08 | 4.4078e-08 |        4.13e-08 |  6.048e-08 |      5.4789e-07 |
| 930922A | 1993-09-22 05:16:56.7 |   0.128 |         0.091 |   0.146 |      0.053 | 4.9436e-09 |       1.449e-09 | 5.7893e-09 |      1.6288e-09 | 1.4777e-08 |      4.5501e-09 | 2.1729e-07 |      1.3533e-07 |
|  931005 |   1993-10-05 15:50:26 |   0.256 |         0.091 |   0.359 |       0.05 | 3.8731e-08 |      1.4337e-08 | 1.7322e-08 |      1.1974e-08 | 1.0745e-07 |      3.1838e-08 | 7.0079e-07 |      7.3515e-07 |
| 931013B | 1993-10-13 17:15:41.8 |   0.256 |         0.091 |     1.2 |      0.063 |   1.86e-08 |      1.0061e-08 | 5.8441e-08 |       9.652e-09 | 2.8458e-07 |      2.6297e-08 |  1.444e-06 |      3.4999e-07 |
| 931014B | 1993-10-14 11:56:04.6 |   0.832 |         0.091 |   0.393 |      0.053 |  1.872e-08 |      2.8849e-09 |  2.837e-08 |      3.1214e-09 | 3.9917e-08 |       6.999e-09 |        0.0 |      7.0083e-08 |
| 931021C |   1993-10-21 13:00:22 |   0.256 |         0.018 |   0.271 |      0.051 | 2.5673e-09 |      1.7087e-09 | 7.7563e-09 |      1.7259e-09 | 5.0127e-08 |       4.553e-09 | 4.6502e-08 |      8.3025e-08 |
|  931022 | 1993-10-22 10:00:09.9 |   0.176 |         0.062 |   0.309 |      0.058 | 4.3734e-09 |      2.0323e-09 | 2.8408e-09 |      1.6894e-09 | 5.4765e-08 |      5.7469e-09 | 7.6941e-07 |      1.6452e-07 |
| 931101B | 1993-11-01 23:13:38.2 |   0.028 |         0.009 |   0.138 |      0.048 |  2.844e-09 |      7.6204e-10 | 5.1433e-09 |      9.4617e-10 |   2.79e-08 |      2.9906e-09 | 1.3932e-07 |      7.1943e-08 |
| 931101A | 1993-11-01 03:10:20.6 |   0.296 |         0.057 |   1.629 |      0.066 | 4.2605e-08 |      2.6927e-09 | 5.6713e-08 |      3.3413e-09 | 3.3378e-07 |      1.0792e-08 | 2.4279e-06 |      1.7977e-07 |
| 931113B | 1993-11-13 17:42:27.3 |   1.443 |         0.093 |   1.122 |      0.066 | 6.8192e-08 |      1.2585e-08 | 1.3259e-07 |       1.442e-08 | 3.0307e-07 |      3.9971e-08 | 3.0409e-07 |      4.4547e-07 |
| 931113A | 1993-11-13 23:07:21.4 |   1.408 |         0.091 |   0.371 |      0.055 | 2.5133e-08 |      1.7933e-08 | 1.3358e-08 |      1.8167e-08 | 2.3347e-07 |      5.2578e-08 |        0.0 |       8.373e-07 |
|  931120 | 1993-11-20 18:49:22.6 |   0.256 |         0.091 |   0.353 |      0.052 | 9.0389e-09 |      1.7284e-09 | 1.9193e-08 |      1.8229e-09 | 5.7026e-08 |      4.8098e-09 | 9.2153e-08 |      9.7902e-08 |
| 931205B | 1993-12-05 14:59:51.5 |   0.256 |         0.091 |   3.281 |      0.076 | 5.3814e-08 |       2.532e-09 | 6.1251e-08 |      2.9562e-09 | 8.3296e-07 |      1.1829e-08 | 1.5104e-05 |      2.8584e-07 |
|  931211 | 1993-12-11 16:08:59.7 |     0.2 |         0.029 |   0.277 |      0.046 | 4.0243e-09 |      1.3783e-09 | 6.3689e-09 |      1.4914e-09 | 6.6678e-08 |      4.8676e-09 | 2.3385e-07 |      1.1361e-07 |
| 931215B | 1993-12-15 06:12:18.2 |   0.188 |         0.122 |   0.298 |      0.057 | 8.1775e-09 |      1.6626e-09 | 5.6075e-09 |      1.6874e-09 | 4.3321e-08 |      5.2762e-09 | 3.6363e-08 |      1.4114e-07 |
| 931221A |   1993-12-21 23:31:05 |   0.636 |         0.405 |   0.333 |      0.052 |        0.0 |      2.8522e-09 | 1.4666e-08 |      3.0358e-09 | 6.7284e-08 |      8.6526e-09 | 8.7487e-08 |      7.5095e-08 |
| 931229B | 1993-12-29 07:16:05.9 |   0.384 |         0.091 |   3.094 |       0.08 | 3.8853e-08 |       3.606e-09 |  5.612e-08 |      3.8454e-09 | 7.9728e-07 |       1.445e-08 | 1.3292e-05 |      2.9181e-07 |
|  940108 | 1994-01-08 06:34:57.2 |   0.384 |         0.091 |   0.304 |      0.052 | 5.6666e-09 |      2.7673e-09 | 1.4659e-08 |      2.9181e-09 |  5.322e-08 |      8.2131e-09 |        0.0 |      1.0787e-07 |
| 940112A | 1994-01-12 19:53:32.6 |   0.144 |         0.025 |   0.256 |      0.047 | 4.6443e-09 |      1.6678e-09 | 3.7958e-09 |      1.5252e-09 | 5.1602e-08 |      4.2339e-09 |        0.0 |       8.687e-08 |
| 940114B | 1994-01-14 05:37:54.1 |   0.064 |         0.091 |   0.158 |      0.051 | 2.6716e-08 |      1.5059e-08 | 1.6532e-08 |      1.5463e-08 | 9.9131e-10 |      3.9279e-08 | 2.8729e-06 |      3.0934e-06 |
|  940124 | 1994-01-24 13:58:00.9 |   1.953 |         1.312 |   0.264 |       0.05 |        0.0 |      2.3436e-08 | 2.8243e-08 |      2.2328e-08 | 1.8295e-07 |      5.8443e-08 |        0.0 |      5.4421e-07 |
| 940128A | 1994-01-28 05:45:33.2 |   0.872 |         0.049 |   0.949 |      0.056 | 1.4933e-08 |      2.5284e-09 | 3.1559e-08 |      2.9952e-09 | 2.0339e-07 |        9.04e-09 | 4.8941e-07 |      1.0753e-07 |
| 940201B | 1994-02-01 08:14:37.7 |   0.232 |         0.033 |   0.549 |      0.052 | 6.8294e-09 |      1.6903e-09 | 7.9952e-09 |      1.5658e-09 | 1.3207e-07 |      6.2667e-09 | 6.6078e-07 |        1.61e-07 |
| 940207B | 1994-02-07 10:00:52.6 |   0.448 |         0.231 |   0.333 |      0.053 | 4.9593e-09 |      3.0929e-09 | 1.2416e-08 |      2.9677e-09 | 6.8962e-08 |      8.3328e-09 | 3.5153e-07 |      1.3321e-07 |
| 940207A | 1994-02-07 11:31:36.7 |   0.256 |         0.091 |   0.143 |       0.05 |        0.0 |      1.3898e-09 | 7.2416e-09 |      1.5751e-09 | 2.0377e-08 |      4.5083e-09 | 9.1878e-09 |       1.079e-07 |
| 940211B | 1994-02-11 13:31:53.9 |   0.064 |         0.091 |   0.208 |      0.051 | 4.2588e-09 |      1.5652e-09 |   7.74e-09 |      1.6494e-09 | 4.0804e-08 |      4.8273e-09 |   1.48e-07 |      1.3047e-07 |
| 940214C | 1994-02-14 00:38:08.5 |   0.392 |         0.029 |   0.398 |      0.054 | 8.2062e-09 |       2.924e-09 | 1.9217e-08 |      3.1543e-09 | 6.7355e-08 |      7.8405e-09 |        0.0 |      5.8357e-08 |
| 940214B | 1994-02-14 09:14:19.5 |   0.176 |         0.082 |   0.131 |       0.05 | 3.2439e-09 |      1.7093e-09 | 7.1327e-09 |      1.5223e-09 |  1.922e-08 |      4.4945e-09 |        0.0 |      1.3504e-07 |
|  940216 | 1994-02-16 03:32:47.6 |   0.581 |          0.13 |   0.394 |       0.06 | 8.2149e-09 |      4.8697e-09 | 1.2898e-08 |      3.3998e-09 | 8.3514e-08 |      8.9796e-09 | 2.5416e-07 |      1.1473e-07 |
|  940219 | 1994-02-19 04:26:45.8 |    0.68 |         0.011 |   2.277 |      0.068 | 3.0344e-08 |      2.6093e-09 | 7.0845e-08 |      3.4246e-09 | 5.0818e-07 |       1.184e-08 | 2.3797e-06 |      1.5433e-07 |
|  940224 |   1994-02-24 16:14:54 |   0.064 |         0.011 |    0.26 |      0.062 | 5.6436e-09 |      2.2177e-09 | 1.1079e-08 |      2.0694e-09 | 4.8296e-08 |      5.4573e-09 |  6.378e-08 |      1.1565e-07 |
| 940226A | 1994-02-26 04:39:46.1 |   1.261 |         0.702 |    0.35 |      0.056 | 9.2198e-08 |      2.1505e-08 | 1.7088e-08 |      1.8265e-08 | 1.6001e-07 |      4.7647e-08 |        0.0 |      5.9856e-07 |
| 940305C | 1994-03-05 09:01:28.3 |   1.463 |         0.068 |   1.052 |       0.06 | 2.6458e-08 |      2.1542e-08 | 9.7083e-08 |      1.9831e-08 |  5.605e-07 |      4.7297e-08 | 6.1521e-07 |      4.3483e-07 |
| 940305B | 1994-03-05 11:43:43.3 |   1.599 |         0.072 |   0.807 |      0.066 | 7.4354e-08 |       1.447e-08 | 1.0867e-07 |       1.708e-08 | 2.8953e-07 |       5.224e-08 | 1.2957e-06 |      9.4189e-07 |
|  940310 | 1994-03-10 22:00:57.3 |   0.084 |         0.516 |   0.148 |      0.045 | 3.5508e-10 |      1.6811e-09 | 7.1644e-09 |      1.4185e-09 | 3.2766e-08 |      4.4197e-09 | 2.1607e-09 |      8.2588e-08 |
| 940312A | 1994-03-12 18:24:26.2 |   0.176 |         0.169 |   0.227 |      0.045 |        0.0 |      3.3224e-09 | 1.1578e-08 |      2.6611e-09 |  3.983e-08 |      6.9948e-09 | 1.4298e-10 |      3.8336e-08 |
|  940326 | 1994-03-26 07:25:30.8 |   0.288 |         0.064 |   0.474 |      0.055 | 9.8321e-09 |      1.6885e-09 | 2.0948e-08 |      1.9896e-09 | 7.1698e-08 |      5.3262e-09 |        0.0 |      8.9658e-08 |
| 940329A | 1994-03-29 11:50:35.7 |   0.456 |         0.033 |    2.46 |      0.073 | 1.1284e-07 |      3.6746e-09 | 1.6214e-07 |      4.2443e-09 | 2.8946e-07 |       9.975e-09 | 2.1258e-07 |      9.3249e-08 |
|  940404 | 1994-04-04 15:21:54.1 |    0.32 |         0.326 |    0.38 |      0.057 | 3.5154e-09 |      2.0308e-09 | 3.6687e-09 |       1.706e-09 | 7.9768e-08 |      5.9531e-09 | 8.9296e-07 |      1.5195e-07 |
| 940410A | 1994-04-10 14:41:46.6 |   0.448 |         0.091 |    0.68 |      0.062 | 7.1134e-09 |      3.3091e-09 | 2.2578e-08 |      3.5195e-09 | 1.4978e-07 |      9.8997e-09 | 4.3219e-07 |      1.0459e-07 |
| 940415A | 1994-04-15 17:01:13.4 |    0.32 |         0.091 |   1.779 |      0.062 | 3.9792e-08 |      1.7758e-08 | 9.2991e-08 |      1.6199e-08 | 6.4971e-07 |      3.7612e-08 |  2.951e-06 |      4.6701e-07 |
|  940428 | 1994-04-28 10:36:32.1 |    0.68 |         0.018 |   1.463 |      0.062 | 2.4231e-08 |      3.1624e-09 | 4.1328e-08 |      3.3597e-09 | 3.3258e-07 |      1.0044e-08 | 2.0549e-06 |      1.3883e-07 |
|  940506 | 1994-05-06 20:25:51.8 |     0.2 |         0.058 |   0.277 |      0.051 | 1.7988e-09 |      1.3741e-09 | 1.1431e-08 |       1.659e-09 | 4.6136e-08 |      4.9629e-09 |        0.0 |      1.1022e-07 |
|  940507 |   1994-05-07 19:31:56 |   0.312 |         0.011 |   0.247 |      0.052 | 8.7086e-09 |      1.5604e-09 | 1.3083e-08 |      1.7077e-09 | 2.6747e-08 |      4.6389e-09 |  1.371e-07 |      1.3228e-07 |
| 940512B | 1994-05-12 16:49:44.7 |   0.637 |         0.075 |   0.522 |      0.065 | 9.5654e-09 |      3.5942e-09 | 2.6619e-08 |      3.7976e-09 | 8.7472e-08 |      9.7071e-09 |  1.029e-07 |      9.8333e-08 |
| 940512A | 1994-05-12 21:52:10.6 |    0.24 |         0.088 |   0.273 |      0.051 | 4.6372e-09 |       1.575e-09 | 9.2942e-09 |       1.659e-09 | 5.5704e-08 |      4.9627e-09 | 5.0062e-07 |      1.1878e-07 |
| 940515B | 1994-05-15 02:02:10.9 |   0.576 |         0.091 |   0.637 |      0.053 | 1.7737e-08 |      3.5766e-09 | 2.3925e-08 |      3.1144e-09 | 1.2486e-07 |      7.5039e-09 |  3.569e-07 |       8.582e-08 |
| 940515A | 1994-05-15 17:22:43.2 |    0.36 |         0.088 |    1.14 |      0.065 | 3.0222e-08 |      2.7253e-09 | 5.0832e-08 |      3.4729e-09 | 2.0232e-07 |      1.0141e-08 | 2.1071e-07 |      9.5705e-08 |
| 940521B |   1994-05-21 22:02:24 |    0.64 |         0.286 |   0.221 |      0.047 |        0.0 |      1.5614e-08 | 2.6169e-08 |      1.6281e-08 | 6.3579e-08 |      4.5236e-08 | 3.2336e-07 |      6.1126e-07 |
| 940527A | 1994-05-27 13:01:24.1 |   0.704 |         0.136 |   0.625 |      0.057 | 7.5088e-09 |      3.2121e-09 | 2.4296e-08 |      3.2759e-09 | 1.2808e-07 |      9.0787e-09 | 3.6694e-07 |      1.0713e-07 |
|  940613 | 1994-06-13 20:38:42.2 |    0.12 |          0.02 |   0.269 |      0.054 | 2.5322e-09 |      1.4995e-09 | 5.6096e-09 |      1.6747e-09 | 7.0407e-08 |      5.7569e-09 | 8.2638e-07 |      1.6468e-07 |
| 940621C | 1994-06-21 12:11:15.7 |   0.048 |         0.013 |   0.207 |      0.056 | 1.9447e-09 |      1.0246e-09 | 6.1071e-09 |      1.0251e-09 | 2.9368e-08 |      3.3589e-09 |  8.953e-08 |      8.4472e-08 |
| 940621B | 1994-06-21 15:03:37.9 |   0.464 |         0.011 |   0.604 |       0.06 | 4.2265e-09 |      3.0265e-09 | 1.7514e-08 |      3.3115e-09 | 1.4342e-07 |      1.0192e-08 | 6.3006e-07 |      1.3282e-07 |
| 940623B | 1994-06-23 23:48:05.7 |   0.104 |         0.018 |   0.148 |      0.055 | 9.2672e-09 |      1.6088e-09 | 7.3026e-09 |      1.6821e-09 | 2.0493e-08 |      4.7137e-09 |        0.0 |      1.3713e-07 |
|  940628 | 1994-06-28 05:05:40.1 |   0.136 |         0.017 |   0.156 |      0.054 |        0.0 |      1.3668e-09 | 1.8527e-09 |      1.5594e-09 | 2.4958e-08 |      5.1431e-09 | 3.6484e-07 |      1.5729e-07 |
| 940708B | 1994-07-08 20:09:38.1 |   0.176 |         0.018 |   0.334 |       0.05 | 9.2319e-10 |       2.025e-09 | 1.2579e-08 |      1.7266e-09 | 6.8299e-08 |      5.0705e-09 | 2.4145e-07 |      9.3683e-08 |
|  940712 | 1994-07-12 00:55:39.8 |   0.056 |         0.006 |    0.22 |      0.058 | 2.0761e-09 |      1.1011e-09 | 5.8258e-09 |       1.079e-09 |  2.131e-08 |      2.8771e-09 |  6.846e-08 |      6.9298e-08 |
| 940714A | 1994-07-14 21:18:20.3 |   0.224 |         0.033 |   0.441 |      0.069 |  1.001e-08 |      1.8819e-09 | 8.4309e-09 |      2.1446e-09 | 1.0784e-07 |      7.0581e-09 | 1.5417e-06 |      1.9117e-07 |
| 940717A | 1994-07-17 03:24:29.7 |   1.152 |         0.091 |   5.824 |      0.093 | 3.8944e-07 |      2.1197e-08 | 5.0892e-07 |      2.0083e-08 | 1.6037e-06 |       5.351e-08 | 4.8984e-06 |      7.3211e-07 |
|  940724 |   1994-07-24 23:16:30 |   0.432 |         0.087 |   0.582 |      0.063 | 6.9805e-09 |      3.3496e-09 | 1.2077e-08 |      3.4156e-09 | 1.4517e-07 |      1.0327e-08 | 8.9737e-07 |      1.8516e-07 |
|  940808 | 1994-08-08 14:49:22.5 |   0.976 |         0.023 |   2.349 |      0.073 | 3.0128e-08 |      3.2058e-09 | 8.0404e-08 |      3.8306e-09 | 5.0932e-07 |      1.2427e-08 | 3.4809e-06 |      1.8195e-07 |
|  940809 | 1994-08-09 07:29:20.8 |   0.896 |         0.264 |   0.445 |      0.049 | 5.5208e-09 |      3.1995e-09 | 1.7434e-08 |      2.7969e-09 | 8.9414e-08 |      7.7171e-09 |        0.0 |      6.9196e-08 |
|  940811 | 1994-08-11 09:28:59.7 |   0.232 |         0.043 |   0.332 |      0.049 | 4.1656e-09 |       1.768e-09 |  9.142e-09 |      1.5763e-09 | 7.0518e-08 |      5.1881e-09 | 1.8628e-07 |      1.1503e-07 |
| 940812A | 1994-08-12 15:10:22.4 |   0.792 |         0.064 |   0.601 |      0.061 | 1.1543e-08 |      3.4963e-09 | 1.6252e-08 |      3.3019e-09 |   1.37e-07 |      9.6976e-09 | 7.2729e-07 |       1.641e-07 |
|  940825 | 1994-08-25 01:10:48.3 |   0.064 |         0.011 |   0.203 |      0.051 |        0.0 |      1.5388e-09 | 4.8619e-09 |      1.6701e-09 |  2.775e-08 |      4.7207e-09 |  2.694e-07 |      1.0482e-07 |
|  940831 |   1994-08-31 13:05:16 |   1.963 |         0.763 |   0.556 |      0.063 | 4.8315e-08 |      2.2421e-08 | 1.4031e-07 |      2.5318e-08 | 3.9558e-07 |      7.2375e-08 | 1.8799e-06 |      1.0857e-06 |
| 940902A | 1994-09-02 14:29:52.2 |   1.793 |         0.066 |   4.095 |      0.087 | 2.0609e-07 |      1.7918e-08 | 3.1567e-07 |      1.9656e-08 | 1.9064e-06 |      5.4095e-08 | 9.8448e-06 |      8.1837e-07 |
|  940918 | 1994-09-18 14:51:14.8 |   0.208 |         0.025 |    1.67 |      0.067 | 3.2156e-08 |      2.0624e-09 | 6.3283e-08 |      2.7071e-09 | 3.3855e-07 |      8.9633e-09 |   2.51e-06 |       1.897e-07 |
| 941003A | 1994-10-03 17:01:32.7 |    0.64 |         0.091 |   1.722 |      0.053 | 3.9885e-08 |      4.2755e-09 | 6.1356e-08 |      4.1462e-09 | 3.5103e-07 |       1.145e-08 | 9.2574e-07 |      1.0396e-07 |
| 941005B | 1994-10-05 11:08:52.3 |   0.096 |         0.011 |   0.196 |      0.039 | 2.0976e-09 |      1.5138e-09 | 4.2419e-09 |       1.648e-09 | 5.2264e-08 |      5.2982e-09 | 3.4477e-07 |      7.3789e-08 |
| 941031A | 1994-10-31 00:47:02.3 |    0.61 |         0.233 |   0.471 |      0.048 | 3.4849e-09 |       3.526e-09 | 1.3241e-08 |       3.887e-09 | 1.1108e-07 |      1.0959e-08 | 1.4112e-07 |      8.8084e-08 |
| 941110B | 1994-11-10 04:44:24.6 |   1.408 |         7.648 |   0.459 |      0.044 | 4.2657e-09 |      7.9446e-09 | 2.5633e-08 |      8.7915e-09 | 1.1156e-07 |      2.3676e-08 | 1.3592e-06 |       2.851e-07 |
|  941113 |   1994-11-13 03:13:23 |   0.078 |         0.014 |   0.257 |      0.039 | 3.4415e-09 |      1.5911e-09 | 9.7276e-09 |       1.743e-09 | 4.8094e-08 |      4.8846e-09 |  9.472e-08 |      4.3037e-08 |
| 941123B | 1994-11-23 18:44:37.5 |   0.256 |         0.143 |   0.456 |      0.137 | 3.3543e-08 |      2.9379e-08 |        0.0 |      1.2837e-08 | 1.4681e-07 |      2.5731e-08 | 2.7599e-08 |      1.2219e-07 |
| 941126E | 1994-11-26 03:55:13.4 |   0.272 |         0.023 |   0.766 |      0.056 | 1.8407e-08 |      3.9546e-09 | 2.9969e-08 |      4.2055e-09 | 1.4965e-07 |      1.2742e-08 | 6.1387e-07 |      1.6938e-07 |
|  941203 | 1994-12-03 17:16:26.7 |   0.512 |         0.091 |   0.263 |      0.045 | 1.5665e-08 |      4.8977e-09 | 1.0687e-08 |      3.4509e-09 |  4.742e-08 |      9.5067e-09 | 2.2668e-07 |      1.6099e-07 |
|  941218 |   1994-12-18 11:40:27 |   0.448 |         0.115 |   0.559 |       0.04 |        0.0 |      1.9813e-09 | 1.8105e-08 |       3.062e-09 | 1.3391e-07 |      1.0239e-08 | 3.7932e-07 |        9.36e-08 |
| 941229A | 1994-12-29 14:19:01.6 |   0.052 |         0.016 |   0.094 |      0.043 | 1.3013e-09 |      1.0893e-09 | 5.3703e-09 |      1.0662e-09 | 1.9793e-08 |      3.1931e-09 | 1.2206e-08 |      2.0563e-08 |
| 941230A | 1994-12-30 18:39:44.6 |   1.254 |          0.08 |   0.399 |       0.04 | 1.0877e-08 |      6.0906e-09 | 1.1988e-08 |      5.1343e-09 | 1.0201e-07 |      1.3018e-08 | 5.5887e-07 |      1.8029e-07 |
|  950101 |   1995-01-01 01:33:01 |   0.108 |         0.016 |   0.253 |      0.041 |  7.115e-09 |      1.5023e-09 | 1.5199e-08 |      1.7987e-09 | 4.2207e-08 |      5.1074e-09 |        0.0 |      4.5723e-08 |
| 950102A | 1995-01-02 07:36:27.6 |   1.016 |         0.421 |   0.796 |      0.049 | 2.8174e-08 |      3.5792e-09 | 3.4327e-08 |      3.6596e-09 | 1.4325e-07 |      1.0573e-08 | 3.3893e-07 |      1.3229e-07 |
|  950103 | 1995-01-03 16:10:19.4 |   0.116 |          0.02 |   0.122 |      0.035 | 6.2638e-10 |      1.4254e-09 | 6.0617e-09 |      1.5065e-09 | 4.2638e-08 |      5.4053e-09 |  3.304e-07 |      5.8628e-08 |
|  950108 | 1995-01-08 02:04:20.7 |   0.384 |         0.091 |   0.699 |      0.045 | 1.0189e-08 |      3.6341e-09 | 2.9171e-08 |      3.6808e-09 |  1.351e-07 |      9.6898e-09 | 1.0857e-07 |      7.2171e-08 |
| 950115B |   1995-01-15 23:39:38 |   0.344 |         0.025 |   0.891 |      0.048 | 2.5716e-08 |      4.5828e-09 | 2.4573e-08 |      3.5631e-09 | 1.9531e-07 |      1.0495e-08 |  3.207e-07 |       1.137e-07 |
| 950129B | 1995-01-29 22:04:30.9 |   0.608 |         0.051 |   0.874 |      0.052 | 1.9221e-08 |      3.9215e-09 | 2.9937e-08 |      3.9005e-09 | 1.8026e-07 |      1.1496e-08 | 1.7756e-07 |      1.0258e-07 |
|  950130 | 1995-01-30 21:12:40.2 |   0.056 |         0.028 |   0.213 |      0.038 |        0.0 |      5.2763e-10 | 3.4935e-09 |      8.7031e-10 | 2.1545e-08 |      2.9367e-09 |        0.0 |        1.69e-08 |
|  950210 | 1995-02-10 02:20:21.6 |   0.116 |         0.006 |   2.533 |      0.052 |  6.952e-08 |      3.0306e-09 | 1.3063e-07 |      3.4227e-09 | 3.9982e-07 |      7.8596e-09 | 4.5809e-08 |      2.2174e-08 |
| 950211B | 1995-02-11 02:24:57.8 |   0.068 |         0.006 |   5.632 |      0.073 | 8.7024e-08 |      3.2313e-09 | 1.8675e-07 |      4.5308e-09 | 1.1881e-06 |      1.4688e-08 | 2.6412e-06 |      9.0839e-08 |
| 950221A | 1995-02-21 23:43:20.5 |   0.344 |         0.064 |   0.169 |       0.04 | 1.4151e-09 |      2.9077e-09 | 1.0888e-09 |       3.205e-09 | 4.8334e-08 |      8.9879e-09 | 8.9254e-08 |      1.2792e-07 |
| 950225A |   1995-02-25 17:09:38 |    0.24 |         0.115 |   0.378 |       1.29 | 4.2762e-09 |      2.3249e-08 | 1.1336e-08 |      2.4669e-08 | 5.8132e-08 |      7.3873e-08 | 4.8857e-08 |      7.1691e-07 |
|  950321 | 1995-03-21 03:26:02.7 |   1.461 |         0.326 |   0.508 |      0.047 | 1.3827e-08 |      6.7288e-09 | 1.6634e-08 |      6.6187e-09 | 1.4863e-07 |      1.9974e-08 |   2.83e-07 |      2.7814e-07 |
|  950328 |   1995-03-28 21:39:54 |   0.642 |         0.196 |   0.301 |      0.043 | 4.0278e-09 |      4.0742e-09 | 6.7841e-09 |      3.2242e-09 | 7.3042e-08 |      9.9629e-09 |   2.92e-07 |      1.4186e-07 |
| 950405B | 1995-04-05 10:20:19.1 |   1.408 |         0.091 |   0.392 |      0.047 | 5.0443e-08 |      1.3458e-08 | 2.7917e-08 |      8.5415e-09 | 8.8195e-08 |      2.2368e-08 | 5.3924e-07 |      4.4457e-07 |
|  950410 | 1995-04-10 19:00:16.4 |   0.416 |         0.023 |   0.853 |      0.046 |  9.461e-09 |      3.9681e-09 | 2.4342e-08 |      3.5054e-09 | 1.9679e-07 |      1.0591e-08 | 4.6721e-07 |      1.0316e-07 |
| 950416A | 1995-04-16 22:52:38.4 |   0.266 |         0.218 |    0.31 |      0.038 | 5.4518e-09 |      2.6041e-09 | 9.0827e-09 |      2.9731e-09 | 6.7586e-08 |      8.2384e-09 | 1.8899e-08 |       6.482e-08 |
|  950502 |   1995-05-02 01:46:45 |     1.6 |         0.091 |   0.655 |      0.045 | 7.3272e-08 |      7.2118e-09 | 6.7801e-08 |      5.0348e-09 | 5.2348e-08 |       1.096e-08 | 6.2827e-07 |      2.3821e-07 |
|  950505 | 1995-05-05 12:33:13.9 |   1.439 |          0.08 |   0.889 |      0.047 | 2.2226e-08 |      4.3725e-09 | 2.8158e-08 |      4.7734e-09 | 2.7434e-07 |      1.4398e-08 | 1.2818e-06 |      2.1612e-07 |
|  950529 | 1995-05-29 10:14:53.6 |   1.824 |         0.066 |   2.721 |      0.059 | 4.8055e-08 |      5.4787e-09 | 9.0174e-08 |      6.1463e-09 | 6.9124e-07 |      1.8203e-08 | 1.5363e-06 |      1.9377e-07 |
| 950611A | 1995-06-11 13:06:09.8 |   0.228 |         0.036 |   0.287 |       0.04 | 1.1256e-08 |      2.0325e-09 |  1.655e-08 |       1.841e-09 |  3.361e-08 |      4.4938e-09 | 6.3647e-08 |      4.4649e-08 |
|  950612 | 1995-06-12 16:29:42.4 |   0.704 |         0.091 |   1.336 |      0.052 |  2.737e-08 |      3.6379e-09 | 6.0079e-08 |      4.1161e-09 |  2.429e-07 |      1.1301e-08 | 4.2963e-07 |      9.8134e-08 |
|  950620 | 1995-06-20 00:44:33.9 |   0.776 |         0.033 |   2.802 |      0.064 | 8.7906e-08 |      4.9486e-09 | 1.5985e-07 |      5.1943e-09 | 4.0804e-07 |      1.3052e-08 | 3.8789e-07 |         9.2e-08 |
|  950714 | 1995-07-14 01:43:06.9 |   0.076 |         0.003 |    1.01 |      0.051 | 8.5897e-09 |      1.9295e-09 | 2.2893e-08 |      2.3841e-09 | 2.4943e-07 |       8.348e-09 | 1.2039e-06 |      8.6074e-08 |
|  950716 | 1995-07-16 23:02:30.7 |   0.176 |           0.1 |    0.62 |      0.047 | 1.3077e-08 |      2.3624e-09 | 1.3616e-08 |      1.9695e-09 | 1.2321e-07 |      7.1941e-09 | 2.7884e-06 |      1.8367e-07 |
|  950801 |   1995-08-01 07:56:19 |   0.384 |         0.091 |    0.66 |      0.047 | 2.9236e-08 |       4.889e-09 | 2.6881e-08 |      3.7224e-09 |  1.205e-07 |      9.4911e-09 | 2.3296e-07 |      1.0212e-07 |
|  950802 | 1995-08-02 05:43:17.9 |   0.536 |         0.241 |   0.347 |      0.042 | 4.3299e-09 |      2.7678e-09 | 1.5812e-08 |      3.3025e-09 | 6.4103e-08 |      9.3294e-09 | 2.6146e-08 |      6.5711e-08 |
| 950804B | 1995-08-04 12:36:16.7 |   1.301 |         0.091 |   2.161 |      0.056 | 2.7136e-08 |      4.6444e-09 | 5.5077e-08 |      5.0549e-09 | 5.4575e-07 |      1.5797e-08 | 3.5387e-06 |      2.3075e-07 |
| 950805B | 1995-08-05 10:24:31.2 |    0.32 |         0.082 |   0.726 |       0.05 | 1.3097e-08 |      3.2813e-09 | 2.8638e-08 |        3.79e-09 | 1.4485e-07 |      1.1398e-08 | 7.6989e-07 |      1.4928e-07 |
| 950805A | 1995-08-05 03:44:14.5 |    0.56 |         0.125 |   3.971 |      0.071 | 8.3461e-08 |      4.5287e-09 | 1.4718e-07 |       5.181e-09 | 8.0545e-07 |      1.6612e-08 | 4.0209e-06 |      1.9437e-07 |
| 950806B | 1995-08-06 20:09:08.8 |   0.448 |         0.091 |   0.378 |      0.048 | 2.7333e-09 |      3.2207e-09 | 6.0217e-09 |      3.6003e-09 | 1.0111e-07 |      1.1464e-08 | 7.0268e-07 |       1.884e-07 |
|  950810 | 1995-08-10 03:00:08.5 |   0.535 |         0.264 |    0.87 |      0.049 | 4.8612e-09 |      2.8524e-09 | 3.2657e-08 |      3.9161e-09 | 1.9034e-07 |      1.1702e-08 | 3.8145e-07 |      8.9699e-08 |
| 950830A | 1995-08-30 04:14:04.6 |   0.544 |         0.036 |   1.259 |      0.049 | 1.3452e-08 |      3.0871e-09 | 4.0228e-08 |      3.7424e-09 | 2.8123e-07 |      1.1628e-08 | 7.1021e-07 |      1.1165e-07 |
| 950901B | 1995-09-01 23:39:25.5 |   0.219 |         0.088 |   0.219 |      0.045 | 1.1791e-08 |      2.0858e-09 | 1.1422e-08 |      1.7956e-09 | 2.9922e-08 |      5.2074e-09 |        0.0 |      5.5163e-08 |
| 950908A |   1995-09-08 08:26:22 |    0.16 |         0.029 |   0.173 |      0.036 | 5.2929e-09 |      1.9222e-09 | 7.7021e-09 |      1.5208e-09 | 2.4249e-08 |      4.0009e-09 | 1.1744e-10 |      2.0502e-08 |
| 950911A | 1995-09-11 14:44:14.9 |   0.336 |         0.023 |   0.687 |      0.044 |   1.86e-08 |      3.8276e-09 | 1.8386e-08 |      3.0832e-09 |  1.549e-07 |      1.0437e-08 |  1.466e-06 |       2.276e-07 |
| 950914A |   1995-09-14 19:40:21 |   0.096 |         0.129 |   0.141 |      0.043 | 8.0002e-09 |       1.792e-09 | 3.8098e-09 |      1.6827e-09 | 3.1792e-08 |      5.0526e-09 |        0.0 |      2.6639e-08 |
|  950920 | 1995-09-20 18:04:46.4 |   0.076 |         0.013 |   0.316 |       0.05 | 1.4371e-09 |      1.4675e-09 | 8.0799e-09 |      1.9683e-09 | 5.5694e-08 |      6.8519e-09 | 1.7532e-07 |      7.1595e-08 |
| 951014B | 1995-10-14 22:48:20.8 |   0.939 |         0.129 |   1.302 |       0.06 | 1.9492e-08 |      3.3638e-09 | 4.2905e-08 |      4.3285e-09 | 2.8301e-07 |      1.4175e-08 | 1.2036e-06 |      1.7498e-07 |
| 951015A | 1995-10-15 12:53:02.8 |   0.128 |         0.091 |   0.215 |      0.037 | 5.8416e-09 |      1.9849e-09 | 9.0151e-09 |      1.5747e-09 | 2.6221e-08 |      4.3177e-09 | 1.0829e-07 |      5.6701e-08 |
| 951030B | 1995-10-30 11:23:40.6 |   1.736 |         0.202 |   0.971 |      0.047 |  4.095e-08 |      7.6609e-09 | 4.3943e-08 |       5.912e-09 | 2.0513e-07 |       1.545e-08 | 1.3745e-06 |      2.4225e-07 |
|  951101 | 1995-11-01 10:04:01.7 |    0.06 |         0.006 |    0.22 |      0.048 | 3.2356e-09 |      1.0414e-09 |   6.71e-09 |      1.1783e-09 | 4.8663e-08 |      3.8668e-09 | 1.5971e-07 |      3.7987e-08 |
| 951104B | 1995-11-04 17:35:03.6 |   0.768 |         0.091 |   0.327 |      0.046 | 7.9631e-09 |      4.7634e-09 | 1.4285e-08 |      3.5637e-09 | 5.9184e-08 |      1.0079e-08 | 4.2483e-08 |      8.6494e-08 |
| 951104A | 1995-11-04 05:33:06.9 |   1.483 |         0.311 |   0.343 |      0.043 | 1.1007e-08 |       6.088e-09 | 1.5298e-08 |      4.8651e-09 | 7.2026e-08 |      1.1948e-08 | 2.0175e-07 |      1.4192e-07 |
|  951110 | 1995-11-10 23:09:46.8 |   0.192 |         0.091 |   1.047 |      0.045 | 1.7463e-08 |      2.0065e-09 | 2.9336e-08 |      2.2622e-09 | 2.3791e-07 |      7.1213e-09 | 9.8472e-07 |      6.9129e-08 |
| 951112A | 1995-11-12 14:02:14.1 |   0.036 |          0.01 |    0.15 |      0.042 | 1.4383e-09 |      7.4388e-10 | 3.0997e-09 |      8.8079e-10 | 1.3944e-08 |      2.9082e-09 | 6.9525e-08 |       4.153e-08 |
| 951117A | 1995-11-17 16:58:00.5 |   0.088 |         0.018 |   0.241 |      0.043 | 1.0153e-08 |      1.9137e-09 | 1.6047e-08 |      1.9562e-09 | 2.5923e-08 |      4.8374e-09 | 8.3557e-09 |      3.4393e-08 |
| 951124A | 1995-11-24 10:48:53.1 |   0.132 |         0.029 |   0.175 |      0.037 | 6.1947e-10 |      9.9131e-10 | 9.6015e-09 |       1.621e-09 | 2.0575e-08 |      4.8761e-09 | 2.2422e-08 |      3.5256e-08 |
|  951125 | 1995-11-25 00:31:36.6 |   0.464 |         0.161 |    1.15 |      0.046 | 7.4526e-09 |      3.5307e-09 | 2.6496e-08 |      3.3069e-09 | 2.8999e-07 |      1.1655e-08 | 1.0218e-06 |      1.2542e-07 |
|  951209 | 1995-12-09 19:38:05.7 |   1.717 |         0.066 |   1.508 |      0.051 | 1.4975e-07 |       8.828e-09 | 1.3214e-07 |      6.1877e-09 | 1.4027e-07 |      1.4153e-08 | 5.2575e-07 |      2.0049e-07 |
| 951211B | 1995-12-11 05:55:59.1 |   0.576 |         0.091 |   1.048 |      0.046 | 2.8306e-08 |      3.5619e-09 | 4.9347e-08 |      3.6549e-09 | 1.7976e-07 |      9.5008e-09 |  1.081e-07 |      6.8207e-08 |
|  960112 | 1996-01-12 07:31:58.9 |   0.128 |         0.091 |   0.858 |      0.045 | 1.2558e-08 |      2.0414e-09 | 3.2554e-08 |      2.2611e-09 | 1.6686e-07 |       6.353e-09 | 1.8066e-07 |      4.0518e-08 |
|  960130 | 1996-01-30 02:25:58.7 |   1.168 |          0.08 |   2.944 |      0.061 | 5.7502e-08 |       5.849e-09 | 8.6647e-08 |      5.2684e-09 | 8.3597e-07 |      1.8192e-08 |  3.396e-06 |      2.2279e-07 |
| 960205B |   1996-02-05 07:10:03 |   0.128 |         0.091 |   0.268 |      0.041 | 4.9026e-09 |      1.7306e-09 | 1.1568e-08 |       1.653e-09 | 3.8154e-08 |      5.2986e-09 | 8.9304e-08 |      6.3483e-08 |
|  960207 | 1996-02-07 16:11:42.7 |   0.448 |         0.091 |   1.435 |       0.05 | 2.8809e-08 |      3.0176e-09 | 4.8194e-08 |      3.5196e-09 | 3.0391e-07 |      1.1851e-08 |  1.383e-06 |      1.7582e-07 |
|  960209 | 1996-02-09 20:43:47.2 |   0.192 |         0.091 |   0.115 |      0.037 | 2.2038e-09 |      1.7129e-09 |  1.497e-09 |      1.5391e-09 | 3.7991e-08 |       5.398e-09 | 2.5502e-07 |      8.5817e-08 |
|  960214 | 1996-02-14 18:37:53.3 |   0.384 |         0.091 |   0.377 |      0.041 | 4.4165e-09 |      3.3207e-09 | 1.1845e-08 |      3.3832e-09 | 8.2989e-08 |      9.0362e-09 | 5.4925e-08 |      6.4702e-08 |
|  960220 | 1996-02-20 21:14:14.3 |   0.464 |         0.036 |   0.934 |      0.049 | 2.8424e-08 |      3.1643e-09 | 3.3772e-08 |      3.5275e-09 | 1.8476e-07 |      1.1071e-08 |  3.338e-07 |      1.3154e-07 |
| 960229B |   1996-02-29 22:37:03 |   1.184 |         0.304 |   0.428 |      0.041 | 8.1761e-09 |      4.1542e-09 | 1.9553e-08 |      4.3797e-09 | 8.2058e-08 |      1.1895e-08 | 2.6315e-07 |      1.5082e-07 |
|  960311 | 1996-03-11 18:44:58.6 |   0.304 |         0.023 |   0.869 |       0.05 |   1.01e-08 |      3.0272e-09 | 2.6206e-08 |      3.6265e-09 | 1.9972e-07 |       1.219e-08 | 2.3739e-06 |       2.117e-07 |
|  960312 | 1996-03-12 12:47:15.1 |   0.384 |         0.097 |    0.63 |      0.053 | 5.1889e-09 |      2.9105e-09 | 2.1877e-08 |      3.8772e-09 | 1.3925e-07 |       1.314e-08 | 5.6832e-07 |      1.6254e-07 |
|  960319 | 1996-03-19 14:26:33.1 |   0.496 |         0.023 |    2.53 |      0.057 | 2.5241e-08 |      3.2752e-09 | 7.5374e-08 |      4.1403e-09 | 5.8295e-07 |      1.3867e-08 | 2.2916e-06 |      1.4372e-07 |
| 960325A | 1996-03-25 19:24:53.1 |   0.832 |         0.091 |   4.519 |      0.067 |  7.559e-08 |      4.5292e-09 | 1.2747e-07 |      4.8153e-09 | 1.0326e-06 |      1.5985e-08 | 7.9519e-06 |      2.0067e-07 |
|  960426 | 1996-04-26 06:37:58.3 |   0.896 |         0.059 |   0.765 |      0.042 | 2.1613e-09 |      2.3697e-09 | 1.1487e-08 |      3.1375e-09 | 2.1592e-07 |      1.0644e-08 | 8.3694e-07 |      1.2158e-07 |
|  960507 | 1996-05-07 23:35:59.7 |   0.985 |         0.324 |   0.406 |      0.041 | 5.8335e-09 |      2.7672e-09 | 2.0129e-08 |      3.2265e-09 | 7.1293e-08 |      9.1497e-09 | 1.2713e-07 |      8.6401e-08 |
|  960512 | 1996-05-12 21:07:12.6 |   0.024 |         0.011 |   0.073 |      0.044 | 6.5765e-09 |      1.3006e-09 | 6.5391e-09 |        1.08e-09 | 9.1053e-09 |      2.5451e-09 |        0.0 |      3.4192e-08 |
|  960513 | 1996-05-13 22:17:39.7 |   0.336 |         0.145 |   0.212 |      0.042 | 8.5654e-09 |      3.6982e-09 | 1.0389e-08 |      3.3625e-09 |   3.44e-08 |       8.474e-09 |        0.0 |      1.0322e-07 |
|  960515 | 1996-05-15 00:33:56.1 |   1.408 |         0.143 |   0.847 |      0.042 | 9.8048e-09 |      5.1132e-09 | 4.0334e-08 |      6.7692e-09 | 2.5107e-07 |      2.0395e-08 | 1.9191e-07 |      1.8153e-07 |
| 960523B | 1996-05-23 11:10:12.2 |   1.504 |         0.051 |   1.144 |      0.049 | 1.5083e-08 |      4.2267e-09 | 5.8592e-08 |      5.2267e-09 | 3.1911e-07 |      1.5407e-08 | 3.0621e-07 |      1.2064e-07 |
| 960524C | 1996-05-24 02:23:12.6 |   1.758 |         0.023 |   2.103 |      0.054 | 5.0828e-08 |      5.5268e-09 | 5.4876e-08 |      5.7192e-09 | 7.5339e-07 |      1.8363e-08 | 1.0969e-05 |      3.7642e-07 |
| 960607A | 1996-06-07 06:08:42.1 |   0.192 |         0.045 |   0.184 |      0.038 | 8.8859e-10 |       1.224e-09 | 5.9426e-09 |      1.6638e-09 | 4.0882e-08 |      5.0309e-09 | 2.0516e-08 |      3.2556e-08 |
| 960608B | 1996-06-08 19:21:42.4 |   0.144 |         0.025 |   0.395 |      0.041 | 7.4868e-09 |      1.7146e-09 | 1.4078e-08 |      1.8472e-09 |  4.748e-08 |      4.9516e-09 |        0.0 |      3.6862e-08 |
| 960615B | 1996-06-15 04:07:02.3 |   0.769 |          0.21 |   0.229 |      0.041 | 1.5935e-09 |      2.6143e-09 |  8.101e-09 |      3.0916e-09 | 5.0429e-08 |           1e-08 | 9.7819e-08 |       1.005e-07 |
| 960615A | 1996-06-15 23:58:35.9 |   0.624 |         0.025 |   0.693 |      0.044 | 1.1151e-08 |       2.835e-09 | 2.2821e-08 |       3.271e-09 | 1.4983e-07 |       1.023e-08 |  6.324e-07 |      1.4507e-07 |
| 960616C | 1996-06-16 07:04:04.2 |   0.136 |         0.164 |   0.708 |      0.048 | 1.4595e-08 |      2.2577e-09 | 1.7894e-08 |      2.1387e-09 | 1.5707e-07 |      6.6388e-09 | 1.9535e-07 |      5.8162e-08 |
| 960616B | 1996-06-16 18:28:15.6 |   0.064 |         0.091 |   0.288 |      0.045 | 4.4711e-09 |      1.4894e-09 | 2.4493e-09 |      1.7986e-09 | 7.1393e-08 |      6.4105e-09 | 4.3071e-06 |      2.1812e-07 |
| 960616A | 1996-06-16 13:15:03.2 |   0.384 |         0.091 |   0.417 |      0.043 | 1.0373e-08 |       2.989e-09 | 2.2081e-08 |      3.3816e-09 | 6.5725e-08 |      9.3241e-09 |        0.0 |      7.6715e-08 |
| 960703B | 1996-07-03 18:10:40.3 |    0.82 |         0.008 |   3.256 |      0.058 | 4.1433e-08 |      3.6872e-09 | 7.5466e-08 |      4.2096e-09 |   7.95e-07 |      1.3843e-08 | 5.8279e-06 |      1.6956e-07 |
|  960704 | 1996-07-04 16:08:36.2 |   0.855 |         0.075 |   0.833 |      0.045 | 1.4106e-08 |      2.9711e-09 | 2.7707e-08 |      3.4296e-09 |  1.794e-07 |       1.036e-08 | 1.0581e-06 |      1.4217e-07 |
|  960705 | 1996-07-05 00:49:43.2 |   1.015 |         0.129 |   1.252 |      0.054 |   1.94e-08 |      3.2045e-09 | 4.3491e-08 |      4.0463e-09 | 2.6281e-07 |      1.2343e-08 | 3.0405e-07 |      1.0411e-07 |
| 960708B | 1996-07-08 15:05:06.1 |   0.768 |         0.091 |   2.747 |      0.064 | 3.8379e-08 |      4.3837e-09 |  5.113e-08 |       4.535e-09 | 6.9545e-07 |      1.5459e-08 | 4.4078e-06 |      2.1244e-07 |
|  960710 | 1996-07-10 10:44:46.7 |   0.048 |         0.011 |   0.121 |       0.04 | 5.3933e-09 |      1.1243e-09 | 6.0169e-09 |       1.073e-09 |  2.169e-08 |      2.8467e-09 |        0.0 |      2.2186e-08 |
| 960713A | 1996-07-13 17:15:23.2 |   0.448 |         0.091 |   0.328 |      0.043 | 5.3176e-09 |      3.6791e-09 | 9.4752e-09 |      3.1864e-09 | 7.3797e-08 |      9.9788e-09 | 2.2691e-07 |      1.2702e-07 |
| 960722B | 1996-07-22 04:08:31.6 |   0.896 |         0.143 |   1.135 |      0.054 | 3.0062e-08 |      5.3227e-09 | 1.8365e-08 |      3.9995e-09 | 2.8414e-07 |      1.2263e-08 | 1.7416e-06 |       1.896e-07 |
| 960731B |   1996-07-31 03:22:53 |   1.511 |         0.109 |   0.891 |      0.047 | 4.9773e-08 |       6.761e-09 | 6.0206e-08 |      5.2232e-09 | 1.4857e-07 |      1.4578e-08 |        0.0 |      9.5508e-08 |
| 960803B | 1996-08-03 08:40:12.9 |    0.49 |         0.068 |   0.311 |      0.041 |        0.0 |      3.3986e-09 |  9.853e-09 |      3.1949e-09 | 7.2663e-08 |      9.8989e-09 | 1.5369e-07 |      8.5359e-08 |
| 960803A | 1996-08-03 18:45:22.4 |   0.104 |         0.011 |   1.867 |      0.056 | 8.1475e-08 |       3.282e-09 | 1.1974e-07 |      3.3356e-09 | 2.2166e-07 |      7.2331e-09 | 2.5711e-08 |       2.957e-08 |
| 960804A | 1996-08-04 19:32:40.8 |    0.16 |         0.036 |   0.414 |      0.038 | 3.8654e-09 |      1.4378e-09 | 9.3716e-09 |      1.6986e-09 | 9.0508e-08 |      5.7286e-09 | 2.6384e-07 |      6.0449e-08 |
|  960805 | 1996-08-05 21:29:07.1 |   0.448 |         0.184 |   0.721 |      0.047 | 1.2335e-08 |      3.3566e-09 | 1.8526e-08 |      3.4886e-09 | 1.6909e-07 |      1.0875e-08 | 1.5425e-06 |       1.878e-07 |
|  960816 | 1996-08-16 02:16:07.2 |   0.192 |         0.097 |   0.183 |      0.051 | 1.2405e-09 |       1.946e-09 | 6.1397e-09 |      2.2344e-09 | 4.3255e-08 |      6.6875e-09 | 1.3678e-07 |       5.857e-08 |
|  00010B | 2000-01-08 16:48:07.3 |   1.039 |         0.072 |  7.1449 |     0.0827 |  2.253e-07 |      6.0686e-09 | 4.0968e-07 |      7.0091e-09 | 1.0276e-06 |      1.8371e-08 | 3.5734e-07 |      1.0907e-07 |
|  00011C | 2000-01-14 20:17:31.9 |   0.579 |         0.035 |  0.5012 |     0.0463 | 1.1344e-08 |      3.9449e-09 | 1.6842e-08 |      3.5761e-09 |    9.5e-08 |      9.9703e-09 |        0.0 |      8.3572e-08 |
|  00012C | 2000-01-26 13:21:51.4 |   0.387 |         0.616 |  0.4593 |     0.0407 | 2.0855e-08 |      3.4191e-09 |  2.356e-08 |      3.0981e-09 | 6.0876e-08 |      7.9553e-09 | 3.7955e-08 |      7.2604e-08 |
|  00020D |   2000-02-03 10:27:50 |    0.24 |         0.074 |  0.5773 |     0.0435 | 7.8013e-09 |      3.2469e-09 | 2.3041e-08 |       3.471e-09 | 1.0077e-07 |      9.4939e-09 | 8.3804e-08 |      7.3371e-08 |
|  00021D |   2000-02-13 21:52:39 |   0.413 |         0.214 |  0.8455 |      0.053 | 1.2822e-08 |      3.3077e-09 | 2.8001e-08 |      3.7565e-09 | 1.6584e-07 |      1.2498e-08 | 7.7251e-07 |      1.8638e-07 |
|  00022G | 2000-02-22 13:44:26.7 |   0.608 |         0.477 |  0.4144 |     0.0453 | 9.8801e-09 |      3.7814e-09 | 9.8569e-09 |      3.4044e-09 | 8.6184e-08 |      9.4949e-09 | 5.8278e-07 |      1.6252e-07 |
|  00022D | 2000-02-26 10:12:52.6 |   0.527 |         0.043 |  0.3733 |     0.0449 | 1.3608e-09 |      2.5301e-09 | 1.0046e-08 |      3.3292e-09 | 8.6198e-08 |      1.0421e-08 | 1.0798e-08 |      6.3214e-08 |
|  00030B | 2000-03-06 12:14:36.6 |   0.128 |         0.091 |  0.3712 |     0.0447 | 1.0546e-08 |      3.3026e-09 | 1.1445e-08 |      3.1275e-09 | 7.1406e-08 |      9.7708e-09 | 1.6952e-07 |       1.283e-07 |
|  00031H | 2000-03-10 15:07:14.6 |   1.536 |         0.091 |  1.4449 |     0.0487 | 4.8129e-08 |      5.7976e-09 | 5.7076e-08 |      4.7381e-09 | 4.1125e-07 |      1.5058e-08 | 5.0844e-06 |      3.1324e-07 |
|  00031D | 2000-03-13 21:13:04.1 |   0.768 |         0.458 |   0.391 |     0.0488 | 7.4891e-09 |       3.659e-09 | 7.4382e-09 |      3.6121e-09 | 8.9324e-08 |      1.0408e-08 | 2.2502e-07 |       1.549e-07 |
|  00031A | 2000-03-19 04:23:01.4 |   0.079 |         0.039 |  0.1706 |     0.0402 |  1.044e-09 |      2.3335e-09 | 6.4086e-09 |      3.0209e-09 |  3.348e-08 |      9.4527e-09 | 6.4024e-08 |      9.5727e-08 |
|  00032E | 2000-03-21 21:53:07.4 |   0.892 |         0.031 |  1.0947 |     0.0571 | 1.9262e-08 |      5.0862e-09 | 2.9638e-08 |      5.2285e-09 | 2.3999e-07 |      1.5271e-08 | 8.5483e-07 |      1.8068e-07 |
|  00041G | 2000-04-10 17:17:33.3 |   0.353 |         0.069 |  0.3893 |     0.0496 | 6.7098e-09 |      4.1099e-09 | 1.8137e-08 |      4.0819e-09 | 7.3875e-08 |       1.127e-08 | 1.9447e-07 |      1.2081e-07 |
|  00041C | 2000-04-15 16:38:21.2 |   0.218 |         0.067 |  0.3467 |     0.0399 | 5.9456e-09 |       3.286e-09 | 3.8264e-09 |      3.0727e-09 | 8.2577e-08 |      8.6851e-09 | 3.1075e-07 |      1.5314e-07 |
|  00041B | 2000-04-17 23:35:07.5 |   1.664 |         0.453 |  0.3955 |     0.0477 | 9.6611e-09 |      4.4895e-09 | 1.4523e-08 |      4.0976e-09 | 6.8931e-08 |      1.0117e-08 |        0.0 |      6.6729e-08 |
|  00050E | 2000-05-02 03:33:10.6 |   0.123 |         0.034 |  0.4397 |     0.0458 | 1.5964e-08 |      4.3156e-09 | 9.7126e-09 |      3.3919e-09 | 9.1791e-08 |      9.4476e-09 | 5.2738e-07 |       1.673e-07 |
|  00050C | 2000-05-08 00:28:27.5 |   1.002 |          0.16 |  0.3928 |     0.0467 | 1.2267e-08 |      5.4634e-09 | 1.5938e-08 |      4.8199e-09 | 9.7284e-08 |      1.4212e-08 | 1.3482e-06 |      3.0655e-07 |
|  00051E | 2000-05-13 11:21:35.4 |   0.384 |         0.091 |  1.6352 |     0.0483 | 1.5668e-08 |      3.6499e-09 |  4.565e-08 |      3.8058e-09 | 3.8175e-07 |      1.1093e-08 | 6.2268e-07 |      8.4177e-08 |
|  00052B | 2000-05-25 10:24:13.7 |   1.408 |         0.091 |  1.3431 |     0.0483 | 3.0556e-08 |      5.0456e-09 | 5.8185e-08 |      5.3286e-09 |  4.285e-07 |      1.5515e-08 | 2.0815e-06 |      2.1869e-07 |
|  96090F | 1996-09-06 19:15:36.5 |   0.475 |         0.255 |  0.4317 |     0.0533 | 8.1583e-09 |       3.685e-09 | 9.9989e-09 |      3.7301e-09 | 9.4582e-08 |      1.2419e-08 |        0.0 |      1.7041e-07 |
|  96090A | 1996-09-09 20:40:42.6 |   0.598 |         0.043 |  1.4546 |     0.0517 | 2.3336e-08 |      3.6525e-09 | 4.4513e-08 |      3.7338e-09 | 2.9508e-07 |      1.0984e-08 | 1.4118e-06 |       1.291e-07 |
|  96091A | 1996-09-19 22:28:00.2 |   1.088 |         0.091 |  2.4354 |     0.0572 | 4.9343e-08 |       4.897e-09 | 8.5305e-08 |      4.5447e-09 | 5.8323e-07 |      1.5187e-08 | 2.0722e-06 |      1.7874e-07 |
|  96092D | 1996-09-25 03:27:15.7 |   1.792 |         0.453 |  0.3653 |     0.0454 | 3.5684e-07 |      3.0265e-08 |        0.0 |      2.9547e-08 | 1.1302e-07 |      8.2877e-08 |        0.0 |      1.7302e-06 |
|  96092B | 1996-09-29 17:30:09.7 |   0.167 |         0.044 |  0.4976 |     0.0458 | 7.2217e-09 |      3.1171e-09 | 1.6066e-08 |      3.4286e-09 | 9.3409e-08 |      1.0348e-08 | 1.2853e-07 |      1.0261e-07 |
|   96100 | 1996-10-01 20:30:13.4 |    0.04 |         0.007 |  0.1921 |     0.0386 |  8.455e-09 |      2.9441e-09 | 8.8016e-09 |      2.8763e-09 | 2.8554e-08 |      7.8655e-09 | 2.8841e-08 |      8.8302e-08 |
|  96101C | 1996-10-17 11:16:43.6 |   1.152 |         0.091 |  1.9798 |     0.0542 |  1.968e-07 |       6.109e-09 | 1.6606e-07 |        4.92e-09 | 1.4384e-07 |      1.1549e-08 |        0.0 |      1.3019e-07 |
|  96101B | 1996-10-17 06:08:21.5 |   0.253 |         0.033 |  0.4184 |     0.0429 |  9.123e-09 |      2.8955e-09 | 2.3295e-08 |      3.4674e-09 | 6.3264e-08 |      8.9643e-09 |        0.0 |      5.5241e-08 |
|   96102 | 1996-10-20 02:51:39.6 |   0.824 |         0.439 |  0.2931 |     0.0411 |  8.229e-09 |      3.6212e-09 |  1.847e-08 |      3.3905e-09 | 3.9319e-08 |      8.4749e-09 | 2.1844e-07 |      1.0822e-07 |
|   96102 | 1996-10-27 12:02:02.5 |   1.088 |         0.326 |  0.8551 |     0.0481 | 7.3526e-09 |      3.1994e-09 | 2.1125e-08 |      3.5904e-09 |   1.94e-07 |      1.0993e-08 | 2.0006e-06 |      1.5918e-07 |
|   96103 | 1996-10-30 14:10:48.9 |     1.1 |          0.12 |  0.6429 |     0.0487 | 1.0446e-08 |      3.8638e-09 | 1.0817e-08 |      4.1278e-09 | 1.6092e-07 |      1.2592e-08 | 7.4167e-07 |      2.0858e-07 |
|  96122F | 1996-12-24 17:41:48.9 |    1.28 |          0.59 |  0.9237 |     0.0532 | 1.3211e-08 |      5.5111e-09 | 3.1636e-08 |      6.3421e-09 | 2.3121e-07 |      1.9319e-08 | 7.5211e-07 |      2.2949e-07 |
|   96123 | 1996-12-30 14:08:43.9 |   0.675 |         0.182 |   0.243 |     0.0401 | 5.6706e-09 |      3.7139e-09 | 1.1378e-08 |      2.9889e-09 | 3.7002e-08 |      8.4714e-09 |   4.58e-08 |      8.1057e-08 |
|  97010C | 1997-01-03 05:16:33.6 |   1.146 |         0.335 |  0.3777 |     0.0461 | 6.4729e-09 |      3.6528e-09 | 1.5295e-08 |       3.826e-09 | 6.6719e-08 |      1.0683e-08 |  4.996e-07 |      1.6022e-07 |
|  97011D | 1997-01-10 23:12:51.7 |   0.727 |         0.467 |  0.2713 |     0.0435 | 1.6244e-08 |      4.9206e-09 | 9.5725e-09 |      3.3106e-09 | 5.2953e-08 |      9.1732e-09 | 4.4721e-07 |      1.8543e-07 |
|  97020E | 1997-02-01 22:25:35.2 |   0.051 |         0.029 |  0.1829 |     0.0365 | 7.0361e-09 |      3.3115e-09 | 1.0031e-08 |      2.8179e-09 |  2.126e-08 |      7.1825e-09 |        0.0 |       8.501e-08 |
|  97021C | 1997-02-14 16:01:30.1 |   1.472 |          0.64 |  1.2602 |     0.0603 | 9.3188e-08 |      7.1759e-09 | 9.6293e-08 |      6.2574e-09 | 1.5882e-07 |      1.8011e-08 |        0.0 |      1.1444e-07 |
|  97022B | 1997-02-27 13:24:36.7 |   0.207 |         0.093 |  0.2144 |     0.0484 | 1.0372e-08 |      3.6946e-09 | 1.2334e-08 |        3.42e-09 | 2.5814e-08 |      1.0192e-08 | 1.2428e-07 |      1.7608e-07 |
|  97030A | 1997-03-08 04:39:20.5 |   0.711 |         0.063 |  0.7946 |     0.0521 | 1.1868e-08 |      5.6382e-09 | 3.6412e-08 |      5.7576e-09 | 1.7054e-07 |      1.4729e-08 | 5.9531e-07 |      1.4119e-07 |
|  97031G | 1997-03-13 17:59:20.8 |    0.64 |         0.091 |  0.3407 |     0.0517 | 1.2276e-08 |      4.0622e-09 | 1.5183e-08 |      3.7891e-09 | 4.5227e-08 |      1.2233e-08 | 4.7348e-07 |       2.688e-07 |
|  97031E | 1997-03-15 08:21:08.2 |   0.186 |         0.042 |  1.8233 |     0.0582 | 3.5685e-08 |      4.7996e-09 | 4.4956e-08 |      4.1595e-09 | 3.9103e-07 |       1.279e-08 | 3.1872e-06 |      1.9948e-07 |
|   97032 | 1997-03-26 08:16:13.8 |    1.92 |         0.643 |  0.9373 |     0.0717 | 8.1909e-08 |      1.4058e-08 | 9.5447e-08 |       9.826e-09 | 1.9102e-07 |      2.3613e-08 | 6.9575e-08 |      1.6468e-07 |
|   97032 | 1997-03-29 13:05:41.6 |    0.46 |         0.103 |  0.9466 |     0.0543 | 1.6766e-08 |      3.9556e-09 | 3.3984e-08 |      4.4102e-09 |  1.731e-07 |      1.2885e-08 | 1.9286e-07 |      1.1609e-07 |
|   97040 | 1997-04-03 00:00:14.7 |   1.344 |         0.326 |  0.5063 |     0.0455 | 1.4128e-08 |      5.0338e-09 | 1.9735e-08 |      4.6381e-09 | 9.3299e-08 |      1.3497e-08 |  1.466e-07 |      1.6294e-07 |
|   97040 | 1997-04-08 05:57:29.7 |   0.192 |         0.143 |  0.2959 |     0.0587 | 6.0749e-09 |      3.6795e-09 |  9.129e-09 |      3.7783e-09 | 6.4456e-08 |      1.4526e-08 |        0.0 |      2.5335e-07 |
|   97041 | 1997-04-14 13:00:54.3 |    0.96 |         0.143 |  0.3738 |     0.0434 | 4.5113e-09 |      3.5552e-09 | 1.4596e-08 |       4.335e-09 | 1.1499e-07 |      1.3818e-08 | 6.4171e-07 |      1.8181e-07 |
|   97041 | 1997-04-14 16:05:03.8 |   0.896 |         0.091 |  0.4148 |     0.0454 | 9.2266e-09 |      4.2784e-09 | 2.1322e-08 |       4.105e-09 | 6.3728e-08 |       1.118e-08 | 6.0134e-08 |      9.9605e-08 |
|   97043 | 1997-04-30 19:18:38.2 |    0.64 |         0.264 |  0.4852 |     0.0438 | 7.0427e-09 |      2.8747e-09 | 1.3882e-08 |      3.2081e-09 | 1.1164e-07 |      1.0463e-08 | 1.1882e-06 |       2.025e-07 |
|  97051E | 1997-05-14 02:14:16.8 |    1.28 |         0.771 |  0.5224 |     0.0406 | 1.3484e-08 |      2.8364e-09 | 1.7786e-08 |      2.9238e-09 | 9.8424e-08 |      8.6892e-09 | 2.7827e-07 |      1.1447e-07 |
|  97052G |   1997-05-21 09:37:48 |    0.64 |         0.326 |  0.6667 |     0.0635 | 3.0145e-09 |      4.6775e-09 | 2.4878e-08 |      5.3708e-09 | 1.4047e-07 |      1.4977e-08 |        0.0 |      9.2506e-08 |
|   97061 |   1997-06-11 08:21:31 |   1.984 |         0.181 |  2.1243 |     0.0539 | 1.2674e-07 |      8.4488e-09 |  1.345e-07 |      6.9362e-09 | 3.0859e-07 |      1.7969e-08 |        0.0 |      1.2852e-07 |
|   97061 | 1997-06-12 07:18:31.2 |   0.199 |         0.074 |  0.6965 |      0.045 | 1.2232e-08 |      3.5624e-09 |  2.387e-08 |      3.4016e-09 | 1.3028e-07 |      9.5993e-09 | 6.1505e-07 |      1.1273e-07 |
|   97061 | 1997-06-17 00:14:59.1 |   1.984 |         0.345 |  0.5268 |     0.0474 | 9.8342e-09 |      5.1677e-09 | 2.5214e-08 |      5.5576e-09 | 1.1077e-07 |      1.6935e-08 | 4.1819e-07 |      2.1115e-07 |
|  97062H | 1997-06-24 10:28:42.7 |   0.192 |         0.091 |  0.0798 |     0.0408 | 3.4211e-09 |      4.7306e-09 |        0.0 |      4.4428e-09 | 3.1541e-08 |      1.5219e-08 |        0.0 |       2.873e-07 |
|  97062D | 1997-06-28 14:05:16.6 |   0.208 |         0.087 |   0.243 |     0.0469 |        0.0 |      2.5118e-09 | 1.0999e-08 |       3.412e-09 |   4.53e-08 |      1.1324e-08 | 2.6729e-08 |      8.2305e-08 |
|  97070G | 1997-07-04 01:08:16.8 |   0.192 |         0.091 | 11.7036 |     0.0948 | 2.7188e-07 |      5.9363e-09 | 3.6134e-07 |      6.2994e-09 | 2.3492e-06 |      2.1279e-08 | 4.0018e-05 |       3.662e-07 |
|  97070D | 1997-07-08 13:46:17.1 |   0.202 |         0.019 |  0.6096 |     0.0532 | 2.0443e-08 |      4.1968e-09 |  2.707e-08 |      4.0207e-09 | 9.3573e-08 |      1.1437e-08 | 7.2495e-08 |      9.8937e-08 |
|  97070A | 1997-07-09 13:31:08.8 |    0.96 |         0.091 |  1.0655 |     0.0551 | 2.4688e-08 |      7.0269e-09 | 3.6418e-08 |      7.0263e-09 | 2.7537e-07 |      1.9603e-08 | 9.5442e-07 |      2.5482e-07 |
|  97071C | 1997-07-14 10:46:57.6 |   1.984 |         0.834 |  1.3191 |       0.05 | 1.3758e-08 |      3.3731e-09 | 3.7193e-08 |      4.1484e-09 | 3.0798e-07 |      1.3773e-08 | 1.3505e-06 |      1.8098e-07 |
|  97081B | 1997-08-17 23:58:08.7 |   0.768 |         0.516 |  0.3004 |     0.0599 |        0.0 |      4.6769e-09 | 1.0077e-08 |      4.6595e-09 | 5.6269e-08 |      1.2991e-08 | 4.7953e-07 |      1.8918e-07 |
|   97082 | 1997-08-20 05:37:00.4 |    1.92 |         0.707 |  1.6323 |     0.0609 | 3.9369e-08 |      7.5534e-09 | 6.9499e-08 |      7.5117e-09 | 5.4409e-07 |      2.5007e-08 |  2.507e-06 |      3.7771e-07 |
|   97082 | 1997-08-24 05:49:36.9 |   0.612 |         0.407 |  0.1219 |     0.0516 | 6.6513e-09 |      4.0033e-09 | 2.8075e-09 |      3.4813e-09 | 2.9752e-08 |      1.2922e-08 | 3.7928e-09 |      9.0315e-08 |
|   97082 | 1997-08-26 09:45:00.7 |   0.448 |         0.326 |  0.4208 |     0.0455 | 2.2943e-09 |      4.2096e-09 | 1.0277e-08 |      3.7061e-09 | 8.7961e-08 |      1.2741e-08 | 7.7617e-08 |      1.0675e-07 |
|   97090 | 1997-09-02 04:34:48.5 |   0.264 |         0.152 |  0.1209 |     0.0437 | 6.7488e-09 |      2.6744e-09 |        0.0 |      3.2976e-09 | 3.2568e-08 |      1.0106e-08 | 3.9041e-07 |      1.4932e-07 |
|   97090 | 1997-09-04 10:57:05.8 |   0.901 |         0.302 |  0.2017 |     0.0429 | 5.0878e-09 |      3.2897e-09 |  8.849e-09 |      3.1825e-09 | 3.3528e-08 |      9.1447e-09 | 1.8026e-07 |      1.2713e-07 |
|   97090 | 1997-09-07 03:15:38.9 |   0.896 |         0.326 |  1.2648 |     0.0491 | 2.2611e-08 |      2.9885e-09 | 4.3705e-08 |      3.4602e-09 | 2.4281e-07 |      1.1019e-08 | 2.0472e-06 |      1.8549e-07 |
|   97090 |   1997-09-08 12:27:06 |   0.768 |         0.143 |  0.5288 |     0.0469 | 9.0234e-09 |      3.8811e-09 |  2.002e-08 |       3.668e-09 | 9.6963e-08 |      9.8012e-09 | 7.2833e-08 |      7.7754e-08 |
|   97091 | 1997-09-10 11:26:09.1 |    1.32 |         0.232 |   0.268 |     0.0458 | 1.4907e-08 |      4.5198e-09 | 8.9898e-09 |      3.4067e-09 | 4.9878e-08 |       9.283e-09 |   1.36e-07 |      1.3815e-07 |
|   97091 |   1997-09-18 09:41:26 |   0.896 |         0.264 |  0.6662 |     0.0449 | 5.2503e-09 |      2.6589e-09 | 2.5195e-08 |      3.4207e-09 | 1.2927e-07 |      1.0453e-08 | 6.9009e-08 |      8.3551e-08 |
|   97091 | 1997-09-18 16:04:23.2 |   0.832 |         0.091 |  0.9752 |     0.0522 | 2.1449e-08 |      5.7908e-09 | 2.1905e-08 |      5.8404e-09 | 2.1693e-07 |      2.1275e-08 | 9.7353e-07 |      3.9993e-07 |
|  97092C | 1997-09-26 10:24:42.2 |   1.989 |          0.67 |  0.2525 |      0.043 | 6.3558e-09 |       3.428e-09 | 3.1958e-09 |       4.461e-09 | 6.9525e-08 |      1.5189e-08 | 5.6484e-07 |      2.4575e-07 |
|  97101A | 1997-10-16 11:34:56.6 |   0.256 |         0.091 |  0.2663 |     0.0475 |  5.305e-09 |      3.2996e-09 | 1.3569e-08 |      3.4836e-09 | 3.8383e-08 |      1.0318e-08 | 3.8501e-08 |      1.0083e-07 |
|   97102 | 1997-10-23 08:36:11.8 |   1.536 |         0.202 |  0.2077 |      0.042 | 1.9754e-08 |      4.9902e-09 | 7.0718e-09 |      3.2077e-09 | 4.0401e-08 |      8.6022e-09 | 5.8595e-07 |      2.3871e-07 |
|   97102 | 1997-10-23 11:58:31.6 |   1.024 |         0.143 |  0.3014 |     0.0419 |  9.551e-09 |      2.8295e-09 | 8.2325e-09 |      2.9199e-09 | 6.0229e-08 |      9.0052e-09 |        0.0 |       1.039e-07 |
|   97102 | 1997-10-28 06:38:51.2 |    0.54 |         0.172 |  0.2557 |     0.0446 | 4.4513e-09 |      2.8083e-09 | 1.1288e-08 |      3.2007e-09 | 4.1796e-08 |      9.7084e-09 | 1.3771e-08 |      7.3594e-08 |
|  97110B | 1997-11-04 20:28:39.5 |   0.256 |         0.143 |  0.3236 |     0.0509 | 4.1434e-09 |      3.8223e-09 | 1.5014e-08 |      3.9572e-09 | 5.5449e-08 |      1.1928e-08 | 4.5619e-07 |      1.6223e-07 |
|  97110A | 1997-11-08 02:52:54.9 |   1.792 |         0.771 |   0.429 |      0.042 | 9.0786e-09 |       2.768e-09 | 2.0574e-08 |      3.1199e-09 | 6.1384e-08 |      8.8342e-09 |        0.0 |       8.564e-08 |
|  97111B | 1997-11-18 08:03:28.3 |   0.075 |         0.002 |  0.8554 |     0.0585 | 9.3505e-09 |      3.7306e-09 | 3.2108e-08 |      3.8177e-09 | 1.5693e-07 |      1.4056e-08 | 2.2459e-07 |      1.3493e-07 |
|   97120 |   1997-12-09 23:10:36 |   1.856 |         0.516 |  5.7156 |     0.0837 | 6.7197e-07 |       1.318e-08 | 4.9993e-07 |       8.442e-09 | 6.3937e-07 |      2.2016e-08 | 3.7689e-07 |      2.0412e-07 |
|  97121C | 1997-12-18 14:34:59.9 |   1.664 |         0.143 |   5.475 |      0.075 | 2.5046e-07 |      9.7644e-09 | 2.1707e-07 |      7.5356e-09 | 1.3263e-06 |      2.3637e-08 | 8.1034e-06 |      3.8563e-07 |
|  97122I | 1997-12-20 19:31:40.8 |   0.032 |         0.005 |   0.172 |     0.0474 | 2.0772e-09 |      3.6952e-09 | 7.3581e-09 |      3.4133e-09 | 2.1885e-08 |      1.0305e-08 | 5.7795e-08 |      1.0641e-07 |
|  97122G | 1997-12-21 12:13:35.5 |   1.024 |         0.202 |  0.3487 |      0.048 | 1.5478e-08 |      5.4818e-09 | 1.5668e-08 |      5.0374e-09 | 6.8788e-08 |       1.517e-08 | 4.8671e-07 |      3.1315e-07 |
|  97122F | 1997-12-22 11:36:54.1 |   1.664 |         0.091 |  0.2902 |     0.0583 |        0.0 |      4.1774e-09 | 8.6049e-09 |      4.1404e-09 | 6.4902e-08 |      1.3957e-08 | 7.1054e-08 |      1.4003e-07 |
|  97122B | 1997-12-28 08:11:24.1 |   0.097 |         0.048 |  0.1228 |     0.0401 | 2.7857e-09 |       2.816e-09 | 4.6019e-09 |      2.8578e-09 | 2.1533e-08 |      8.7541e-09 |  1.035e-07 |      1.5184e-07 |
|  98010D | 1998-01-07 13:49:19.8 |   1.472 |         0.202 |  0.4504 |     0.0466 | 1.3647e-08 |      5.4358e-09 |  2.048e-08 |      4.0648e-09 | 5.8342e-08 |      1.1337e-08 |        0.0 |      1.2361e-07 |
|  98011D | 1998-01-12 14:15:44.7 |   0.936 |         0.079 |  0.4571 |     0.0448 | 2.3971e-08 |      5.2675e-09 | 2.6759e-08 |       4.172e-09 |  6.975e-08 |      1.0984e-08 |        0.0 |      8.9759e-08 |
|  98011B | 1998-01-14 06:57:33.5 |   0.326 |         0.104 |   0.179 |     0.0487 | 5.1393e-09 |      3.4978e-09 | 6.8019e-09 |      3.4446e-09 | 2.6822e-08 |      1.0319e-08 |        0.0 |      1.3477e-07 |
|  98011A | 1998-01-16 14:43:46.7 |   0.289 |         0.075 |  0.3752 |     0.0454 | 1.1261e-08 |      3.9202e-09 | 1.4615e-08 |      3.3975e-09 | 6.3731e-08 |      9.3236e-09 | 1.0113e-07 |      9.5873e-08 |
|  98020G | 1998-02-03 05:49:21.8 |   0.685 |          0.04 |  0.3666 |     0.0456 | 2.4069e-08 |      4.9799e-09 | 2.1719e-08 |      3.8432e-09 | 3.8493e-08 |      1.0384e-08 |        0.0 |      1.3706e-07 |
|  98020D | 1998-02-07 18:11:44.5 |   0.773 |         0.386 |  0.9621 |     0.0497 | 1.8975e-08 |      3.2183e-09 | 3.0407e-08 |      3.5425e-09 | 1.9245e-07 |      1.1798e-08 | 3.6006e-07 |      1.4239e-07 |
|  98021B | 1998-02-18 15:12:46.1 |   0.704 |         0.389 |  1.6581 |     0.0511 |  4.615e-08 |      4.8416e-09 | 5.7099e-08 |      3.9798e-09 | 3.1521e-07 |      1.0677e-08 | 7.6056e-07 |      1.0488e-07 |
|   98031 | 1998-03-10 00:36:29.4 |   0.583 |         0.047 |  0.2619 |     0.0534 |  6.746e-08 |      4.8882e-09 |        0.0 |      4.6969e-09 | 1.1709e-07 |      1.9337e-08 | 4.6605e-08 |      1.1167e-07 |
|   98031 | 1998-03-10 13:57:41.3 |   1.152 |         0.143 |  4.4649 |     0.0695 | 4.5043e-07 |      9.1782e-09 | 2.9102e-07 |      6.1471e-09 | 4.8617e-07 |      1.3498e-08 | 8.7454e-07 |      1.2805e-07 |
|   98031 | 1998-03-15 12:24:13.7 |   0.512 |         0.326 |  0.5247 |     0.0505 | 4.4826e-09 |      3.2247e-09 | 1.6005e-08 |       3.772e-09 | 1.1163e-07 |      1.1444e-08 |  4.427e-08 |      8.7628e-08 |
|   98031 | 1998-03-15 20:38:04.4 |   0.036 |         0.008 |  0.1808 |     0.0473 | 1.0793e-09 |      2.9087e-09 | 1.1078e-08 |      3.4225e-09 | 2.4448e-08 |       1.148e-08 | 1.2575e-07 |      1.1786e-07 |
|   98032 | 1998-03-26 04:26:44.1 |     0.2 |          0.01 |  0.7343 |     0.0491 | 2.5298e-08 |      6.6351e-09 |  5.158e-08 |      5.7738e-09 | 1.6726e-07 |      1.5489e-08 | 4.5906e-07 |      1.6523e-07 |
|  98033C | 1998-03-30 00:01:33.3 |   0.116 |         0.006 |  4.5335 |     0.0683 | 1.0914e-07 |      5.3342e-09 | 1.5783e-07 |      5.2016e-09 | 9.3278e-07 |      1.5192e-08 | 2.9092e-06 |       1.493e-07 |
|  98033B | 1998-03-31 16:57:55.1 |   0.256 |         0.091 |  0.9622 |     0.0526 | 1.3369e-08 |      3.7364e-09 | 3.3646e-08 |      3.9968e-09 | 2.0479e-07 |        1.22e-08 | 6.5344e-07 |      1.2726e-07 |
|   98040 | 1998-04-04 18:54:50.2 |   1.408 |         0.091 |  1.6656 |     0.0569 | 5.2243e-08 |      5.9365e-09 | 7.6376e-08 |      4.7081e-09 | 3.9146e-07 |      1.4078e-08 | 2.0969e-06 |      1.7833e-07 |
|   98040 | 1998-04-07 18:16:57.1 |    0.11 |         0.028 |  0.1409 |     0.0467 | 4.5764e-09 |      3.8524e-09 | 8.1051e-09 |      3.2901e-09 | 1.6709e-08 |      1.0038e-08 | 8.7001e-08 |      1.5638e-07 |
|  98041D |   1998-04-16 06:08:15 |   0.192 |         0.022 |  0.3641 |     0.0462 | 1.8934e-08 |      4.4052e-09 | 1.0602e-08 |      3.1307e-09 |  6.607e-08 |      9.9015e-09 | 3.2499e-07 |      2.0002e-07 |
|  98041A | 1998-04-19 14:26:10.8 |   0.283 |         0.017 |  0.5106 |     0.0445 | 1.4162e-08 |      4.2666e-09 | 1.8005e-08 |      3.5306e-09 | 9.4233e-08 |      8.8778e-09 |  1.661e-07 |      8.7008e-08 |
|   98042 | 1998-04-21 19:35:18.5 |   1.216 |         0.143 |  1.1803 |     0.0501 | 2.1884e-08 |      5.0276e-09 | 4.6451e-08 |      5.1533e-09 | 2.8768e-07 |      1.5523e-08 | 3.4946e-07 |      1.4782e-07 |
|   98042 |   1998-04-23 02:45:41 |   0.192 |         0.091 |  0.3978 |     0.0515 | 8.4129e-09 |      4.4691e-09 |  5.347e-09 |      3.5034e-09 | 9.6371e-08 |      1.1631e-08 | 7.1734e-07 |      2.4856e-07 |
|   98042 | 1998-04-27 15:40:31.6 |   1.088 |         0.202 |  0.5582 |     0.0432 | 6.6173e-09 |      4.4803e-09 | 1.5282e-08 |      5.2105e-09 | 1.1908e-07 |      1.4563e-08 | 6.6418e-08 |      1.2834e-07 |
|  98043A | 1998-04-30 01:04:47.9 |   0.452 |         0.027 |  1.2354 |     0.0512 | 1.7708e-08 |      2.9811e-09 | 4.0662e-08 |      3.3848e-09 | 2.4451e-07 |      1.1596e-08 | 7.0294e-07 |      1.3631e-07 |
|  98050D | 1998-05-01 22:19:06.9 |   0.344 |         0.078 |  0.2699 |     0.0443 | 1.2011e-08 |      3.6116e-09 | 1.6072e-08 |      3.2635e-09 | 3.3731e-08 |      9.5815e-09 |        0.0 |      1.4442e-07 |
|  98052D | 1998-05-27 08:21:59.8 |   0.092 |         0.001 |   2.483 |     0.0615 | 4.8703e-08 |      4.1628e-09 | 5.7775e-08 |      4.2471e-09 | 5.9064e-07 |      1.4771e-08 |  4.245e-06 |      2.2287e-07 |
|  98052C | 1998-05-27 06:09:47.3 |   1.041 |          0.15 |  0.4499 |     0.0579 | 1.1169e-08 |      4.8723e-09 | 1.7169e-08 |      3.9768e-09 | 7.6382e-08 |      1.3425e-08 |        0.0 |      1.8346e-07 |
|  98052A | 1998-05-27 06:55:28.9 |   0.768 |         0.202 |  0.6194 |     0.0531 | 6.4858e-09 |      4.5419e-09 | 1.9382e-08 |      3.7758e-09 | 1.3692e-07 |      1.3532e-08 | 4.6838e-07 |      1.6323e-07 |
|  98053B | 1998-05-30 22:51:52.1 |   0.206 |         0.029 |  0.6868 |     0.0547 | 2.0066e-08 |      4.2988e-09 | 3.9497e-08 |       4.309e-09 | 1.0105e-07 |      1.1705e-08 | 3.7617e-07 |      1.4217e-07 |
|  98062H | 1998-06-24 10:02:45.9 |   0.384 |         0.091 |  0.4899 |     0.0542 | 1.2325e-08 |      3.8949e-09 | 1.7464e-08 |      4.1605e-09 | 9.0728e-08 |      1.1718e-08 |        0.0 |      1.0385e-07 |
|  98062G |   1998-06-24 11:58:24 |   0.768 |         0.326 |  0.4152 |      0.048 | 1.1554e-08 |       4.178e-09 | 3.2068e-08 |      4.0933e-09 | 4.0039e-08 |      1.0058e-08 |        0.0 |      5.0864e-08 |
|  98071G | 1998-07-11 03:02:39.2 |    0.96 |         0.202 |  0.9757 |     0.0566 | 3.0444e-08 |       4.696e-09 | 3.1603e-08 |      4.1868e-09 | 1.8261e-07 |      1.1709e-08 |  4.168e-07 |      1.3194e-07 |
|  98071B | 1998-07-18 13:16:08.3 |    0.24 |         0.027 |  1.1543 |     0.0804 |  1.845e-08 |      5.7801e-09 | 3.3908e-08 |      5.9204e-09 | 2.3788e-07 |      1.8253e-08 | 1.3014e-06 |      2.5247e-07 |
|  98082E | 1998-08-20 10:24:46.8 |   0.192 |         0.091 |  1.1893 |     0.0781 | 2.3228e-08 |      4.7881e-09 | 3.9686e-08 |      5.4626e-09 | 2.5565e-07 |      1.8859e-08 | 3.4019e-06 |      3.8602e-07 |
|  98090C | 1998-09-03 03:35:03.5 |   0.146 |         0.074 |  0.3676 |     0.0466 |  1.153e-08 |      3.0052e-09 | 1.0782e-08 |       3.063e-09 | 7.2158e-08 |      1.0372e-08 | 1.2181e-07 |      1.4772e-07 |
|  98090B | 1998-09-04 08:42:30.3 |   0.128 |         0.091 |  0.9071 |      0.051 | 1.4973e-08 |      4.8265e-09 | 2.2415e-08 |      3.7958e-09 | 2.1389e-07 |      1.1805e-08 | 1.1609e-06 |       1.571e-07 |
|  98091F | 1998-09-10 20:02:21.7 |   0.448 |         0.091 |  0.5959 |     0.0797 | 1.6618e-08 |      4.9631e-09 | 2.2663e-08 |      5.6963e-09 |  1.149e-07 |      1.8012e-08 | 4.8884e-08 |       1.567e-07 |
|  98091B | 1998-09-18 13:49:57.9 |   0.399 |         0.612 |  0.5388 |     0.0434 | 1.3691e-08 |      3.3316e-09 | 1.5412e-08 |      3.2029e-09 | 1.0488e-07 |      9.5283e-09 | 2.4437e-07 |      1.3987e-07 |
|  98092H | 1998-09-20 13:18:50.3 |   0.523 |         0.222 |  0.5166 |     0.0467 | 1.3269e-08 |      4.5396e-09 | 1.2722e-08 |      3.3586e-09 | 1.0875e-07 |      1.0099e-08 | 1.1373e-06 |      2.1354e-07 |
|  98092A | 1998-09-29 21:51:37.4 |   1.079 |          0.37 |  2.2744 |     0.0551 | 4.5104e-08 |      3.4721e-09 | 8.2943e-08 |      4.0347e-09 | 4.2567e-07 |      1.2573e-08 | 8.0141e-07 |      1.1398e-07 |
|  98100C | 1998-10-05 18:00:26.5 |   0.969 |         0.064 |  3.9268 |     0.0622 | 3.8486e-08 |      4.3698e-09 | 9.4132e-08 |      4.8029e-09 | 9.2009e-07 |      1.5017e-08 |  1.612e-06 |      1.1276e-07 |
|  98100A | 1998-10-09 21:29:21.1 |   1.177 |         0.225 |  0.3739 |     0.0478 | 6.4453e-09 |       4.395e-09 | 1.1444e-08 |      3.4614e-09 |  7.189e-08 |       1.058e-08 | 5.9394e-07 |      1.7893e-07 |
|  98102B | 1998-10-22 23:08:28.7 |   0.966 |         0.131 |  0.8278 |     0.0447 | 1.5045e-08 |      3.6121e-09 | 2.0117e-08 |      3.0822e-09 | 1.8636e-07 |      1.0202e-08 | 1.6896e-06 |       2.011e-07 |
|  98112G | 1998-11-24 20:00:28.4 |   0.092 |         0.042 |  0.3963 |     0.0455 | 5.0362e-09 |       3.296e-09 | 1.1659e-08 |       3.385e-09 | 8.0677e-08 |      1.0123e-08 | 8.7616e-08 |      9.5308e-08 |
|  98122D | 1998-12-26 10:47:04.2 |   1.664 |         0.143 |  7.3842 |      0.078 | 3.1581e-07 |      8.7085e-09 | 4.4451e-07 |      7.4906e-09 | 1.2429e-06 |      1.9651e-08 | 1.0819e-06 |      1.3698e-07 |
|  98122C | 1998-12-27 18:44:56.4 |   0.767 |         0.456 |  0.8143 |     0.0507 | 5.6524e-09 |      3.3711e-09 | 2.6099e-08 |      4.1687e-09 | 1.8683e-07 |      1.3859e-08 | 4.3711e-07 |      1.4793e-07 |
|  98122A | 1998-12-29 09:23:05.8 |   1.606 |         2.464 |  0.5479 |     0.0545 | 1.2173e-08 |      3.7299e-09 | 1.4043e-08 |      4.0195e-09 | 1.2571e-07 |      1.2442e-08 | 5.1919e-07 |      2.0738e-07 |
|  98123B |   1998-12-31 23:08:20 |   0.262 |         0.037 |  0.7731 |     0.0446 | 1.2017e-08 |      3.5377e-09 | 1.8008e-08 |      3.0382e-09 | 1.6684e-07 |      9.9459e-09 | 5.5945e-08 |      7.6594e-08 |
|  99010H | 1999-01-02 09:33:45.7 |   0.154 |         0.012 |  0.5853 |     0.0535 | 1.1333e-08 |      4.5019e-09 | 7.2945e-09 |      3.6865e-09 | 1.5413e-07 |      1.2723e-08 |  1.018e-06 |      2.9608e-07 |
|  99010F | 1999-01-03 09:49:37.1 |   1.141 |         0.485 |  0.5975 |     0.0468 | 6.4135e-09 |      4.1172e-09 | 2.0521e-08 |      4.6817e-09 | 1.2825e-07 |      1.4325e-08 | 6.5662e-07 |      2.0401e-07 |
|   99012 | 1999-01-23 13:19:42.3 |   0.364 |         0.343 |  0.5835 |     0.0525 | 1.2948e-08 |      4.5769e-09 | 1.3233e-08 |      3.9672e-09 | 1.2781e-07 |      1.1081e-08 | 1.3849e-06 |      1.9891e-07 |
|   99012 | 1999-01-26 14:24:03.9 |   0.249 |         0.004 |  2.0062 |     0.0583 | 2.7612e-08 |      3.7666e-09 | 4.2761e-08 |      3.5752e-09 | 4.5934e-07 |      1.4233e-08 | 8.6805e-06 |       3.441e-07 |
|   99012 | 1999-01-29 17:24:11.4 |   1.856 |         0.345 |  0.2886 |     0.0448 | 9.4761e-09 |      4.1314e-09 | 1.4975e-08 |      4.1524e-09 | 7.8501e-08 |      1.1873e-08 |        0.0 |       1.068e-07 |
|   99012 | 1999-01-29 03:41:38.9 |   0.448 |         0.091 |   0.128 |     0.0406 |        0.0 |      2.7311e-09 | 4.7558e-09 |      3.1588e-09 | 2.4658e-08 |      1.0155e-08 | 4.5962e-07 |       1.957e-07 |
|   99020 | 1999-02-02 15:38:08.6 |    0.89 |         0.139 |   0.848 |     0.0545 | 4.5805e-08 |      6.1026e-09 | 5.7082e-08 |      5.9103e-09 | 9.7379e-08 |      1.6275e-08 | 4.2846e-08 |      1.3846e-07 |
|   99020 | 1999-02-02 03:35:32.8 |   0.099 |         0.007 |  0.7169 |     0.0516 | 2.0354e-08 |      4.4927e-09 | 2.3502e-08 |      3.7453e-09 | 1.3842e-07 |      1.1106e-08 | 9.4269e-07 |      1.6903e-07 |
|   99020 | 1999-02-06 15:51:01.6 |   0.311 |         0.073 |  1.1761 |     0.0513 |  2.236e-08 |      3.6061e-09 | 3.6679e-08 |      3.7445e-09 | 2.3139e-07 |      1.1057e-08 | 3.8838e-07 |      1.1113e-07 |
|   99020 | 1999-02-08 04:12:44.9 |   1.247 |         0.077 |  2.5234 |     0.0678 | 5.6435e-08 |      5.5257e-09 | 8.6507e-08 |      5.8959e-09 | 7.3128e-07 |      2.0301e-08 | 6.4273e-06 |      3.2019e-07 |
|   99022 |   1999-02-25 15:03:54 |   0.399 |         0.395 |  0.9014 |     0.0521 | 1.7836e-08 |      4.3967e-09 | 2.5029e-08 |      3.9635e-09 |  2.021e-07 |      1.1653e-08 | 4.0681e-07 |      1.2185e-07 |
|   99030 | 1999-03-02 07:28:43.6 |   0.576 |         0.143 |  0.5084 |     0.0675 | 2.0683e-08 |      5.5878e-09 |  1.757e-08 |      4.5618e-09 | 9.1783e-08 |      1.4861e-08 | 4.4922e-07 |      2.5406e-07 |
|   99030 | 1999-03-04 22:28:33.8 |   0.392 |         0.262 |  0.5954 |     0.0496 | 1.8665e-08 |      4.4973e-09 | 2.7219e-08 |      3.8451e-09 |  9.215e-08 |      9.9139e-09 | 1.4808e-07 |       9.376e-08 |
|   99030 | 1999-03-05 18:30:11.8 |   0.987 |         0.705 |  0.8478 |     0.0549 | 2.0111e-08 |      4.3749e-09 | 4.7224e-08 |      4.3039e-09 | 1.2762e-07 |      1.1705e-08 | 3.0762e-08 |      7.4782e-08 |
|   99030 | 1999-03-06 19:54:19.2 |   0.476 |          2.75 |  0.2104 |     0.0477 |  2.283e-09 |      3.1334e-09 | 8.6637e-09 |      3.5794e-09 | 3.8014e-08 |      1.0707e-08 | 2.9052e-08 |      8.6825e-08 |
|  99031E | 1999-03-15 16:35:30.6 |   1.958 |         0.066 |  1.5734 |     0.0509 | 4.0018e-08 |       5.895e-09 |  6.299e-08 |       6.352e-09 | 6.5834e-07 |      2.0421e-08 | 3.0077e-06 |      3.1154e-07 |
|  99033B | 1999-03-30 04:39:51.6 |   0.839 |          0.26 |  0.2674 |      0.041 | 8.8224e-09 |      3.7237e-09 | 1.2222e-08 |      3.1663e-09 | 3.8879e-08 |      8.1902e-09 | 7.9207e-08 |      9.7936e-08 |
|  99040C | 1999-04-04 11:07:19.6 |   0.384 |         0.143 |  0.2921 |     0.0434 | 4.8623e-09 |      2.8595e-09 | 1.1109e-08 |      3.1705e-09 | 4.9576e-08 |      9.4291e-09 | 6.0287e-08 |      1.0271e-07 |
|   99042 | 1999-04-23 02:21:06.2 |   1.973 |         1.284 |  0.3356 |     0.0426 | 4.1145e-09 |      4.4205e-09 | 1.1039e-08 |      4.5474e-09 | 9.0069e-08 |      1.3995e-08 | 6.8816e-07 |      2.3399e-07 |
|  99050G | 1999-05-04 12:11:47.7 |   1.011 |           0.1 |  0.8956 |     0.0564 | 1.4218e-08 |      3.5165e-09 | 4.2747e-08 |      4.3416e-09 |  1.609e-07 |      1.2901e-08 | 5.9169e-07 |      1.4367e-07 |
|  99050A | 1999-05-08 17:33:15.9 |   0.604 |         0.443 |  0.3262 |     0.0427 | 1.5472e-09 |      2.7763e-09 | 1.2193e-08 |      2.9035e-09 |   6.44e-08 |      1.0643e-08 | 6.3648e-08 |      9.4793e-08 |
|  99052C | 1999-05-27 03:32:40.5 |    0.42 |         0.128 |  0.1565 |     0.0421 | 1.6948e-09 |      2.8572e-09 | 4.5052e-09 |      3.0965e-09 | 3.3357e-08 |      9.4887e-09 |  7.458e-08 |      1.1799e-07 |
|  99060D | 1999-06-03 23:09:28.8 |   0.787 |         0.477 |  0.3987 |     0.0442 | 7.4346e-09 |      3.1824e-09 | 1.9067e-08 |      3.5953e-09 | 5.9685e-08 |       9.695e-09 | 3.1411e-08 |      7.7405e-08 |
|   99061 | 1999-06-10 12:25:47.5 |   0.276 |          0.07 |  0.5429 |     0.0469 | 6.1151e-09 |      3.4287e-09 | 1.4796e-08 |      3.5444e-09 | 1.1601e-07 |      1.0779e-08 | 1.2283e-07 |      9.5139e-08 |
|   99070 | 1999-07-01 21:32:05.4 |   0.384 |         0.143 |  0.7109 |      0.056 | 6.3198e-09 |       3.349e-09 | 2.7233e-08 |      4.0749e-09 | 1.3106e-07 |      1.2969e-08 | 4.9525e-07 |      1.4022e-07 |
|  99072G | 1999-07-20 21:05:40.3 |   0.945 |         0.086 |  3.2379 |     0.0625 | 5.7565e-08 |      4.1557e-09 |  1.546e-07 |      5.1937e-09 | 5.6885e-07 |      1.5268e-08 | 2.1558e-07 |       1.102e-07 |
|  99081F | 1999-08-10 07:24:53.4 |   0.118 |         0.028 |  0.5096 |     0.0455 | 1.0725e-08 |      3.3355e-09 |  2.295e-08 |      3.4897e-09 | 8.1957e-08 |      9.5936e-09 |  5.911e-07 |      1.4397e-07 |
|  99081C | 1999-08-14 21:40:24.1 |   1.016 |         0.556 |  0.5939 |     0.0498 | 1.2777e-08 |      5.0606e-09 |  2.317e-08 |      4.0424e-09 | 1.2046e-07 |      1.2604e-08 | 2.4531e-07 |      1.4446e-07 |
|  99082E | 1999-08-24 03:57:10.3 |   0.894 |         0.493 |  0.6095 |     0.0454 | 1.8788e-08 |      5.8055e-09 | 1.8907e-08 |      4.5161e-09 | 1.2922e-07 |      1.2259e-08 |        0.0 |       7.953e-08 |
|  99090C | 1999-09-06 17:49:40.6 |   0.174 |         0.004 |  0.4133 |     0.0444 | 1.5544e-08 |      3.4274e-09 |  1.997e-08 |      3.4507e-09 | 5.6101e-08 |      9.1117e-09 | 1.2328e-08 |      5.8478e-08 |
|   99100 | 1999-10-02 22:49:03.4 |   1.918 |         1.995 |  2.0421 |     0.0534 | 9.1376e-08 |      4.4534e-09 | 1.1724e-07 |      4.0762e-09 | 2.4842e-07 |      9.8301e-09 | 1.6867e-07 |       7.265e-08 |
|   99100 | 1999-10-05 03:29:52.7 |   0.164 |         0.012 |  1.0166 |     0.0534 | 1.6148e-08 |      3.8014e-09 | 2.0655e-08 |      3.9152e-09 | 2.3238e-07 |      1.1758e-08 | 2.0203e-06 |      1.9501e-07 |
|   99100 | 1999-10-07 01:49:27.6 |   1.093 |          0.04 |  2.5465 |     0.0593 |  5.537e-08 |       4.541e-09 | 8.2355e-08 |      5.0102e-09 | 6.4441e-07 |      1.6037e-08 | 4.9384e-06 |      2.4524e-07 |
|   99101 | 1999-10-12 04:34:56.6 |   0.124 |         0.425 |  0.1726 |     0.0456 | 1.0674e-08 |      4.2223e-09 | 7.6424e-09 |      3.7303e-09 | 2.9886e-08 |      9.4556e-09 | 7.9844e-08 |      1.3531e-07 |
|  99102H | 1999-10-20 13:40:21.8 |   0.564 |         0.164 |   1.291 |     0.0513 | 1.0639e-07 |      6.6054e-09 |  7.973e-08 |       4.203e-09 | 1.5033e-07 |      1.0558e-08 | 2.0823e-07 |      1.1365e-07 |
|  99102A | 1999-10-29 06:16:30.2 |   0.896 |         0.085 |  0.4762 |     0.0488 | 2.6293e-09 |      4.4433e-09 | 2.4576e-08 |        5.53e-09 | 1.0856e-07 |      1.6584e-08 |        0.0 |      1.0858e-07 |
|  99121E | 1999-12-11 04:34:41.5 |   0.512 |         0.202 |  0.9197 |      0.049 | 1.1314e-08 |      3.0096e-09 | 2.7124e-08 |      3.5259e-09 | 2.1228e-07 |      1.1984e-08 | 3.2967e-06 |      2.1718e-07 |
|  99121A | 1999-12-19 18:30:21.2 |   1.856 |         0.707 |  1.5264 |     0.0562 | 1.8395e-08 |      4.0603e-09 | 8.4026e-08 |      5.6861e-09 | 5.1957e-07 |      1.8284e-08 | 4.8069e-07 |      1.4495e-07 |
|  99122C | 1999-12-28 04:28:02.7 |   0.422 |         0.064 |  0.4848 |     0.0459 | 1.5629e-08 |      3.6563e-09 | 1.7071e-08 |      3.5335e-09 | 8.3099e-08 |      9.5516e-09 | 2.3707e-08 |      6.9597e-08 |
