|         name |            T-time [hrs] | T90 [s] | T90_error [s] |         flux |   flux_error |      fluence | fluence_error |
| GRB170604603 |                  14.468 |    0.32 |         0.143 | 6.468303e-06 |  6.77985e-07 |   1.1848e-08 |    1.1848e-08 |
| GRB170511648 |                  15.551 |    1.28 |         1.557 |  4.51194e-07 | 2.895504e-07 |   1.2841e-08 |    1.2841e-08 |
| GRB170506169 |                   4.047 |   0.832 |          1.95 | 3.523245e-06 | 7.497575e-07 |   3.3186e-08 |    3.3186e-08 |
| GRB170206453 |                  10.866 |   1.168 |         0.102 | 1.857817e-05 | 7.762756e-07 |   1.1765e-07 |    1.1765e-07 |
| GRB170127634 |                  15.225 |   1.728 |         1.346 | 3.117144e-06 |  4.60779e-07 |   1.2706e-08 |    1.2706e-08 |
| GRB170127067 |                   1.597 |   0.208 |         0.058 | 6.105878e-05 | 2.372851e-06 |   5.2474e-08 |    5.2474e-08 |
| GRB170124528 |                  12.675 |   0.448 |         0.559 | 2.398805e-06 | 4.868546e-07 |   2.0608e-08 |    2.0608e-08 |
| GRB170121133 |                   3.181 |     1.6 |         0.905 | 2.424652e-06 | 4.509203e-07 |    2.416e-08 |     2.416e-08 |
| GRB170111760 |                  18.243 |   0.832 |         0.781 | 3.507935e-06 | 5.028743e-07 |   2.4975e-08 |    2.4975e-08 |
| GRB161230298 |                   7.157 |   0.448 |         0.389 | 2.474801e-06 | 4.806831e-07 |    1.055e-08 |     1.055e-08 |
| GRB161218222 |                   5.323 |    0.32 |         0.516 | 8.229914e-06 | 6.540116e-07 |   2.5648e-08 |    2.5648e-08 |
| GRB161026373 |                   8.955 |   0.112 |          0.21 | 1.052728e-06 | 3.727172e-07 |    1.599e-08 |     1.599e-08 |
| GRB161015400 |                     9.6 |   0.192 |         0.847 | 1.866644e-06 | 3.822944e-07 |   2.0115e-08 |    2.0115e-08 |
| GRB160829334 |                   8.027 |   0.512 |         0.202 | 1.933206e-06 | 3.416318e-07 |   1.1051e-08 |    1.1051e-08 |
| GRB160826938 |                  22.514 |   1.792 |         0.773 | 5.016533e-07 | 2.434509e-07 |   1.4262e-08 |    1.4262e-08 |
| GRB160822672 |                  16.128 |   0.424 |         0.353 | 7.487563e-06 | 7.429371e-07 |   1.3925e-08 |    1.3925e-08 |
| GRB160821937 |                  22.487 |   1.088 |         0.977 | 1.045354e-06 |  2.75467e-07 |   2.0238e-08 |    2.0238e-08 |
| GRB160820496 |                  11.903 |   0.384 |         1.159 |    3.347e-06 | 4.361796e-07 |   3.5516e-08 |    3.5516e-08 |
| GRB160806584 |                  14.016 |   1.728 |         0.453 | 2.266374e-06 | 3.240352e-07 |   2.6335e-08 |    2.6335e-08 |
| GRB160804968 |                  23.226 |    0.32 |         0.611 | 4.472156e-06 |  5.99886e-07 |    2.015e-08 |     2.015e-08 |
| GRB160804180 |                   4.312 |    0.64 |         0.091 | 7.315126e-06 | 6.053123e-07 |   3.0208e-08 |    3.0208e-08 |
| GRB160726065 |                   1.569 |   0.768 |         0.091 |  5.87475e-06 | 9.069874e-07 |   4.1921e-09 |    4.1921e-09 |
| GRB160612842 |                  20.213 |   0.384 |         0.559 | 6.890668e-06 | 6.591839e-07 |   1.0559e-08 |    1.0559e-08 |
| GRB160411062 |                   1.481 |   0.672 |         0.435 | 5.937215e-07 | 1.743469e-07 |   1.8891e-08 |    1.8891e-08 |
| GRB160408268 |                   6.429 |   1.056 |         0.604 | 4.072301e-06 | 5.003136e-07 |   2.8017e-08 |    2.8017e-08 |
| GRB160406503 |                  12.077 |   0.432 |         1.105 | 5.497839e-06 | 4.430381e-07 |   3.1749e-08 |    3.1749e-08 |
| GRB151231568 |                  13.636 |   0.832 |         0.405 | 4.025706e-06 | 4.822318e-07 |   1.6085e-08 |    1.6085e-08 |
| GRB151229486 |                  11.668 |    0.16 |         0.202 | 1.613851e-06 | 3.513233e-07 |   1.0623e-08 |    1.0623e-08 |
| GRB151229285 |                   6.841 |   3.456 |         1.032 | 7.680819e-07 | 4.333282e-08 |   1.5782e-08 |    1.5782e-08 |
| GRB151228129 |                   3.087 |   0.256 |         2.268 | 5.426348e-06 | 7.555202e-07 |   3.6417e-08 |    3.6417e-08 |
| GRB151222340 |                    8.17 |   0.768 |         0.362 | 6.032857e-06 | 7.142096e-07 |   3.7061e-08 |    3.7061e-08 |
| GRB150923864 |                   20.74 |   1.792 |         0.091 | 2.526117e-06 | 3.334457e-07 |   1.4473e-08 |    1.4473e-08 |
| GRB150923297 |                   7.127 |   0.192 |         1.462 | 1.748835e-06 | 2.380573e-07 |    2.228e-08 |     2.228e-08 |
| GRB150922234 |                   5.625 |   0.144 |         0.036 | 1.024462e-05 | 6.088454e-07 |   1.6466e-08 |    1.6466e-08 |
| GRB150912600 |                  14.409 |    0.32 |         0.466 | 1.798611e-06 | 4.765884e-07 |   1.3236e-08 |    1.3236e-08 |
| GRB150906944 |                  22.646 |    0.32 |          0.21 | 4.030675e-06 | 3.683151e-07 |   1.2401e-08 |    1.2401e-08 |
| GRB150819440 |                  10.555 |    0.96 |         0.091 | 5.836182e-05 | 1.790028e-06 |    2.416e-08 |     2.416e-08 |
| GRB150811849 |                   20.37 |    0.64 |         0.143 | 1.004712e-05 | 8.019808e-07 |   4.2438e-08 |    4.2438e-08 |
| GRB150810485 |                  11.636 |    1.28 |         1.026 | 6.029385e-06 | 4.166761e-07 |   3.6113e-08 |    3.6113e-08 |
| GRB150805746 |                  17.903 |   1.408 |         0.466 |  4.09796e-07 | 1.426501e-07 |   1.1208e-08 |    1.1208e-08 |
| GRB150728151 |                   3.624 |   1.728 |         0.373 | 2.740067e-06 | 5.712251e-07 |   1.8251e-08 |    1.8251e-08 |
| GRB150715136 |                   3.258 |   0.384 |         0.181 | 1.636054e-06 | 3.050139e-07 |   1.9144e-08 |    1.9144e-08 |
| GRB150705588 |                   14.12 |   0.704 |          0.73 | 1.020098e-06 | 2.288285e-07 |   2.3248e-08 |    2.3248e-08 |
| GRB150629564 |                  13.545 |    1.92 |         1.223 | 2.991163e-06 |   3.4535e-07 |   1.4798e-08 |    1.4798e-08 |
| GRB150628767 |                  18.399 |    0.64 |         0.634 | 9.322704e-07 |  4.19341e-07 |   1.1506e-08 |    1.1506e-08 |
| GRB150604434 |                  10.412 |   0.896 |         0.143 | 3.486326e-06 | 4.096975e-07 |   1.2386e-08 |    1.2386e-08 |
| GRB150522944 |                  22.646 |   1.024 |          0.58 | 1.079156e-06 | 2.551597e-07 |   1.1225e-08 |    1.1225e-08 |
| GRB150506972 |                  23.321 |   0.384 |         0.181 | 1.369746e-06 | 3.882573e-07 |   1.0278e-08 |    1.0278e-08 |
| GRB150506630 |                  15.118 |   0.512 |         0.326 | 5.347832e-06 | 4.840916e-07 |   1.4974e-08 |    1.4974e-08 |
| GRB150412931 |                  22.343 |    0.64 |         0.861 | 2.209869e-06 | 4.208557e-07 |   2.9661e-08 |    2.9661e-08 |
| GRB150214293 |                   7.023 |   0.192 |         0.286 | 1.703041e-06 |   3.9597e-07 |   1.4042e-08 |    1.4042e-08 |
| GRB150118927 |                  22.242 |   0.288 |         0.097 |  8.60296e-06 | 4.984913e-07 |   1.0975e-08 |    1.0975e-08 |
| GRB150101641 |                  15.393 |    0.08 |         0.928 | 3.908609e-07 | 7.817467e-08 |   1.5091e-08 |    1.5091e-08 |
| GRB141230871 |                  20.902 |   0.224 |          0.16 | 1.439315e-06 | 2.118201e-07 |   1.5729e-08 |    1.5729e-08 |
| GRB141213300 |                   7.204 |   0.768 |         0.513 | 2.082844e-06 | 4.184161e-07 |   1.9727e-08 |    1.9727e-08 |
| GRB141202470 |                  11.285 |   1.344 |         0.143 | 5.702063e-06 | 6.412097e-07 |   2.0957e-08 |    2.0957e-08 |
| GRB141113346 |                   8.295 |   0.448 |           0.5 |    1.264e-06 | 2.571082e-07 |   1.9229e-08 |    1.9229e-08 |
| GRB141105406 |                   9.746 |    1.28 |         1.032 |   2.9404e-06 | 3.872141e-07 |   2.6964e-08 |    2.6964e-08 |
| GRB141011282 |                   6.772 |    0.08 |         0.036 |  8.99964e-06 | 6.457599e-07 |   1.0545e-08 |    1.0545e-08 |
| GRB140901821 |                  19.694 |   0.176 |         0.036 | 2.121765e-05 | 8.404318e-07 |   3.1497e-08 |    3.1497e-08 |
| GRB140807500 |                  11.993 |   0.512 |         0.202 | 6.657246e-06 | 5.223064e-07 |   1.4394e-08 |    1.4394e-08 |
| GRB140710537 |                  12.885 |   0.384 |         0.091 |  2.34464e-06 | 4.125642e-07 |   7.1392e-09 |    7.1392e-09 |
| GRB140626843 |                  20.237 |   1.792 |         1.056 | 1.466539e-06 | 4.568117e-07 |   3.7771e-08 |    3.7771e-08 |
| GRB140605377 |                   9.047 |   0.512 |          0.32 | 5.571014e-06 | 5.265433e-07 |   8.5088e-09 |    8.5088e-09 |
| GRB140511095 |                   2.287 |   1.408 |         0.889 | 2.301701e-06 | 4.373117e-07 |   3.2128e-08 |    3.2128e-08 |
| GRB140428906 |                  21.744 |    0.32 |         0.286 | 6.416858e-06 | 8.632776e-07 |   2.0065e-08 |    2.0065e-08 |
| GRB140402007 |                   0.169 |    0.32 |          0.63 | 3.433408e-06 | 5.066209e-07 |   2.9008e-08 |    2.9008e-08 |
| GRB140105748 |                  17.942 |   0.576 |         0.716 | 1.093273e-06 | 3.626926e-07 |   2.1942e-08 |    2.1942e-08 |
| GRB140105065 |                    1.55 |   1.088 |         0.466 | 2.181659e-06 | 4.360197e-07 |   1.3796e-08 |    1.3796e-08 |
| GRB131217108 |                   2.603 |   0.768 |         1.924 | 3.572344e-06 | 4.286903e-07 |   3.8613e-08 |    3.8613e-08 |
| GRB131126163 |                   3.903 |   0.128 |         0.353 | 1.482051e-05 | 1.001126e-06 |   2.8336e-08 |    2.8336e-08 |
| GRB130919173 |                   4.161 |    0.96 |         0.143 | 2.138149e-06 | 2.670433e-07 |    1.107e-08 |     1.107e-08 |
| GRB130912358 |                   8.583 |   0.512 |         0.143 | 4.918628e-06 | 4.472189e-07 |    1.774e-08 |     1.774e-08 |
| GRB130804023 |                   0.554 |    0.96 |         0.091 | 1.639179e-05 | 7.478199e-07 |   1.5865e-08 |    1.5865e-08 |
| GRB130701761 |                  18.259 |     1.6 |         0.143 | 7.673169e-06 | 5.457261e-07 |   2.6378e-08 |    2.6378e-08 |
| GRB130628860 |                  20.634 |   0.512 |         0.143 | 1.106645e-05 | 6.530241e-07 |   9.7853e-09 |    9.7853e-09 |
| GRB130622615 |                  14.765 |    0.96 |         0.429 | 1.619812e-06 | 4.344914e-07 |   2.7958e-08 |    2.7958e-08 |
| GRB130515056 |                   1.355 |   0.256 |         0.091 | 8.041626e-06 | 7.044444e-07 |   1.5774e-08 |    1.5774e-08 |
| GRB130504314 |                   7.534 |   0.384 |         0.181 |  1.99903e-05 | 9.690738e-07 |   3.3903e-08 |    3.3903e-08 |
| GRB130416770 |                  18.481 |   0.192 |         0.425 | 1.151411e-05 | 7.109352e-07 |   1.7924e-08 |    1.7924e-08 |
| GRB130307126 |                   3.029 |   0.384 |         0.091 | 6.604756e-06 | 5.202161e-07 |   6.8138e-09 |    6.8138e-09 |
| GRB121127914 |                  21.933 |    0.64 |         0.405 | 9.873498e-06 | 7.257144e-07 |   4.9847e-08 |    4.9847e-08 |
| GRB121112806 |                  19.346 |    1.28 |         1.358 |  3.04589e-06 | 4.888477e-07 |   3.2195e-08 |    3.2195e-08 |
| GRB121012724 |                  17.371 |   0.448 |         0.091 | 4.677267e-06 | 5.939525e-07 |   1.0012e-08 |    1.0012e-08 |
| GRB121004211 |                   5.055 |   1.536 |         0.572 | 4.505255e-07 | 5.758715e-07 |   1.0625e-08 |    1.0625e-08 |
| GRB120830297 |                   7.118 |   0.896 |         0.231 | 5.989711e-06 | 5.638203e-07 |   2.7188e-08 |    2.7188e-08 |
| GRB120817168 |                   4.042 |    0.16 |         0.113 | 1.742031e-05 | 7.947433e-07 |   1.0167e-08 |    1.0167e-08 |
| GRB120811014 |                   0.342 |   0.448 |         0.091 | 1.283403e-05 | 8.695733e-07 |   1.9404e-08 |    1.9404e-08 |
| GRB120629565 |                   13.57 |   0.704 |         1.026 | 7.875425e-07 | 2.742281e-07 |   1.2052e-08 |    1.2052e-08 |
| GRB120624309 |                   7.407 |    0.64 |          0.16 | 3.474427e-05 | 1.148759e-06 |   7.6071e-08 |    7.6071e-08 |
| GRB120619884 |                  21.221 |    0.96 |          0.96 | 2.339898e-06 | 3.511413e-07 |   3.0169e-08 |    3.0169e-08 |
| GRB120612687 |                  16.496 |   0.256 |         0.453 | 4.032275e-06 | 6.125875e-07 |    2.219e-08 |     2.219e-08 |
| GRB120608489 |                  11.731 |    0.96 |         1.611 | 2.356578e-06 | 3.977119e-07 |   2.1445e-08 |    2.1445e-08 |
| GRB120603439 |                  10.536 |   0.384 |         0.345 | 8.093827e-07 | 7.692962e-08 |     2.69e-08 |      2.69e-08 |
| GRB120524134 |                   3.215 |   0.704 |         0.466 | 1.357791e-06 | 9.069229e-07 |   1.5086e-08 |    1.5086e-08 |
| GRB120519721 |                  17.304 |   1.056 |         0.451 | 3.983435e-06 | 5.612374e-07 |   1.6695e-08 |    1.6695e-08 |
| GRB120222021 |                   0.493 |   1.088 |         0.143 |  3.06012e-06 | 5.965156e-07 |   2.3582e-08 |    2.3582e-08 |
| GRB120101354 |                   8.502 |   0.128 |         0.072 | 1.348919e-06 | 5.107747e-07 |   1.3869e-08 |    1.3869e-08 |
| GRB111222619 |                  14.865 |   0.288 |         0.036 | 2.124238e-05 | 1.017245e-06 |   1.9059e-08 |    1.9059e-08 |
| GRB111207512 |                  12.288 |   0.768 |         1.145 | 7.444531e-07 | 3.554676e-07 |   2.6569e-08 |    2.6569e-08 |
| GRB111117510 |                  12.228 |   0.432 |         0.082 |  3.50192e-06 | 4.014977e-07 |   1.2828e-08 |    1.2828e-08 |
| GRB111112908 |                  21.797 |   0.224 |         0.097 | 7.048943e-06 | 5.312991e-07 |   9.7279e-09 |    9.7279e-09 |
| GRB111103948 |                  22.752 |    0.32 |         0.181 | 2.672967e-06 | 3.612379e-07 |   5.3224e-08 |    5.3224e-08 |
| GRB111024896 |                  21.501 |   1.792 |         1.846 | 1.914908e-06 |  3.75448e-07 |   1.5193e-08 |    1.5193e-08 |
| GRB111022854 |                   20.49 |   0.192 |         0.707 | 1.874342e-06 | 4.585001e-07 |   1.2141e-08 |    1.2141e-08 |
| GRB111011094 |                   2.253 |   1.472 |         0.771 | 3.616395e-06 | 4.287716e-07 |   1.9841e-08 |    1.9841e-08 |
| GRB111001804 |                    19.3 |   0.384 |         1.361 | 1.275586e-06 | 2.753281e-07 |   1.2396e-08 |    1.2396e-08 |
| GRB110916016 |                   0.384 |   1.792 |         1.993 | 7.735266e-07 | 3.408496e-07 |   6.4902e-08 |    6.4902e-08 |
| GRB110801335 |                   8.029 |   0.384 |         0.326 | 2.038671e-06 | 3.698857e-07 |   5.3966e-08 |    5.3966e-08 |
| GRB110728056 |                    1.34 |   0.704 |         0.231 | 2.190402e-06 | 3.767676e-07 |   6.2992e-08 |    6.2992e-08 |
| GRB110717180 |                   4.331 |   0.112 |         0.072 | 5.439861e-06 | 4.952361e-07 |   1.1782e-08 |    1.1782e-08 |
| GRB110705151 |                    3.62 |   0.192 |         0.036 | 2.176787e-05 | 9.404433e-07 |   2.5068e-08 |    2.5068e-08 |
| GRB110605780 |                  18.714 |   1.536 |         1.056 | 1.159103e-06 | 3.920667e-07 |   2.1171e-08 |    2.1171e-08 |
| GRB110529034 |                   0.812 |   0.512 |         0.091 | 1.511914e-05 |  6.95029e-07 |   1.3262e-08 |    1.3262e-08 |
| GRB110517453 |                  10.877 |   0.576 |          1.81 | 1.421862e-06 | 4.020715e-07 |   2.3388e-08 |    2.3388e-08 |
| GRB110509475 |                  11.404 |    0.64 |         0.779 | 2.149582e-06 | 2.515837e-07 |   1.4622e-08 |    1.4622e-08 |
| GRB110424758 |                  18.194 |   0.672 |          1.12 | 1.495628e-06 | 2.504562e-07 |    9.322e-09 |     9.322e-09 |
| GRB110420946 |                  22.703 |   0.128 |         0.516 | 3.198079e-06 | 5.742274e-07 |   2.7347e-08 |    2.7347e-08 |
| GRB110409179 |                   4.289 |   0.128 |         0.143 | 3.272514e-06 | 4.131833e-07 |   1.0647e-08 |    1.0647e-08 |
| GRB110227009 |                   0.208 |   1.728 |         0.653 | 5.412436e-07 | 1.758752e-07 |   1.0133e-08 |    1.0133e-08 |
| GRB110213876 |                  21.014 |    0.32 |          0.81 |  1.21156e-06 | 2.814363e-07 |    1.531e-08 |     1.531e-08 |
| GRB110212550 |                  13.209 |   0.064 |         0.036 | 3.907675e-06 | 4.339336e-07 |   1.2257e-08 |    1.2257e-08 |
| GRB101216721 |                  17.298 |   1.917 |         0.551 | 2.419981e-06 | 9.890108e-08 |   6.7826e-08 |    6.7826e-08 |
| GRB101208203 |                   4.882 |   0.192 |         1.478 | 1.238255e-06 | 2.720902e-07 |   1.5853e-08 |    1.5853e-08 |
| GRB101204343 |                   8.239 |   0.128 |         0.091 |  2.64072e-06 | 3.833308e-07 |   1.4922e-08 |    1.4922e-08 |
| GRB101129726 |                  17.424 |   0.576 |         0.143 | 4.509072e-06 | 4.386906e-07 |   2.6114e-08 |    2.6114e-08 |
| GRB101129652 |                  15.659 |   0.384 |         0.143 | 5.883524e-06 | 5.683975e-07 |   4.4333e-08 |    4.4333e-08 |
| GRB101104810 |                  19.437 |    1.28 |         0.572 |  2.85803e-06 | 5.679289e-07 |    2.536e-08 |     2.536e-08 |
| GRB101031625 |                  14.992 |   0.384 |         0.462 | 2.445433e-06 | 5.358539e-07 |   2.9126e-08 |    2.9126e-08 |
| GRB101027230 |                   5.509 |   1.344 |         1.802 | 1.172383e-06 | 3.010783e-07 |   8.7545e-09 |    8.7545e-09 |
| GRB101026034 |                   0.821 |   0.256 |         0.091 | 2.865051e-06 | 3.121084e-07 |   2.2628e-08 |    2.2628e-08 |
| GRB100827455 |                   10.93 |   0.576 |         0.389 | 9.203968e-06 | 6.713755e-07 |   2.2402e-08 |    2.2402e-08 |
| GRB100811108 |                   2.597 |   0.384 |         0.091 | 1.080098e-05 | 7.783727e-07 |   1.8798e-08 |    1.8798e-08 |
| GRB100805300 |                   7.203 |   0.064 |         0.072 | 3.943716e-06 | 6.288062e-07 |   7.3536e-08 |    7.3536e-08 |
| GRB100629801 |                  19.234 |   0.832 |         0.373 | 3.334302e-06 | 4.993865e-07 |   1.0523e-07 |    1.0523e-07 |
| GRB100625773 |                  18.541 |    0.24 |         0.276 | 5.998001e-06 |  7.19017e-07 |   2.4515e-08 |    2.4515e-08 |
| GRB100616773 |                  18.542 |   0.192 |         0.143 | 1.458082e-06 | 5.121339e-07 |   1.7306e-08 |    1.7306e-08 |
| GRB100612545 |                  13.073 |   0.576 |         0.181 | 5.737031e-06 | 6.845208e-07 |   3.4116e-08 |    3.4116e-08 |
| GRB100525744 |                  17.857 |   1.472 |         1.974 | 2.009933e-06 | 3.104601e-07 |   9.4815e-08 |    9.4815e-08 |
| GRB100516396 |                   9.511 |    0.64 |         0.487 | 7.974721e-07 |  2.99227e-07 |   1.8716e-08 |    1.8716e-08 |
| GRB100417166 |                   3.995 |   0.192 |         0.091 | 1.281937e-06 | 3.395733e-07 |   4.5356e-09 |    4.5356e-09 |
| GRB100328141 |                   3.379 |   0.384 |         0.143 |  4.79852e-06 | 6.676382e-07 |   2.3529e-08 |    2.3529e-08 |
| GRB100301068 |                   1.622 |    0.96 |         1.002 | 3.170885e-06 | 5.029397e-07 |   1.3531e-08 |    1.3531e-08 |
| GRB100216422 |                  10.117 |   0.192 |         0.143 | 2.397115e-06 | 4.292531e-07 |   1.4576e-08 |    1.4576e-08 |
| GRB100208386 |                   9.259 |   0.192 |         0.264 | 2.422454e-06 | 5.099664e-07 |   1.4529e-08 |    1.4529e-08 |
| GRB100206563 |                  13.501 |   0.176 |         0.072 | 9.402238e-06 | 7.232825e-07 |    1.054e-08 |     1.054e-08 |
| GRB100107074 |                   1.776 |   0.576 |         0.465 | 2.222522e-06 | 3.265959e-07 |   2.1333e-08 |    2.1333e-08 |
| GRB091223191 |                   4.586 |   0.576 |         0.181 | 1.278298e-06 |          0.0 |   4.1775e-09 |    4.1775e-09 |
| GRB091126333 |                    7.99 |   0.192 |         0.091 | 2.508798e-06 | 3.287698e-07 |   3.5619e-08 |    3.5619e-08 |
| GRB091019750 |                  18.011 |   0.208 |         0.172 | 1.388838e-06 | 3.553252e-07 |   6.1599e-09 |    6.1599e-09 |
| GRB091018957 |                  22.972 |   0.192 |         0.286 | 2.597299e-06 | 4.998482e-07 |   2.8541e-08 |    2.8541e-08 |
| GRB091012783 |                  18.784 |   0.704 |         2.499 | 1.072355e-05 | 8.431884e-07 |   4.4017e-08 |    4.4017e-08 |
| GRB090819607 |                  14.574 |   0.192 |         0.202 | 2.345004e-06 | 3.855182e-07 |   1.9464e-08 |    1.9464e-08 |
| GRB090802235 |                   5.651 |   0.128 |         0.091 | 7.164886e-06 | 7.118567e-07 |   3.5849e-08 |    3.5849e-08 |
| GRB090717111 |                   2.675 |   0.384 |         0.181 |   2.3853e-06 | 5.459327e-07 |   2.5877e-08 |    2.5877e-08 |
| GRB090621922 |                  22.124 |   0.384 |         1.032 | 2.880972e-06 | 4.141938e-07 |   1.9436e-08 |    1.9436e-08 |
| GRB090617208 |                     5.0 |   0.192 |         0.143 | 9.608136e-06 | 7.845945e-07 |   1.6608e-08 |    1.6608e-08 |
| GRB090429753 |                  18.066 |    0.64 |         0.466 | 1.011789e-06 | 6.647593e-08 |   4.3313e-08 |    4.3313e-08 |
| GRB090412061 |                   1.468 |   0.896 |         0.264 | 1.479539e-06 | 4.654503e-07 |   1.3569e-08 |    1.3569e-08 |
| GRB090331681 |                  16.339 |   0.832 |         0.143 | 2.831273e-06 | 4.091576e-07 |    3.456e-08 |     3.456e-08 |
| GRB090328713 |                  17.118 |   0.192 |         1.032 |  7.11628e-06 | 5.534379e-07 |   1.8397e-08 |    1.8397e-08 |
| GRB090308734 |                  17.607 |   1.664 |         0.286 | 4.707774e-06 | 4.840609e-07 |    2.888e-08 |     2.888e-08 |
| GRB090305052 |                   1.243 |   1.856 |          0.58 | 3.258985e-06 |  4.43373e-07 |   1.3313e-08 |    1.3313e-08 |
| GRB090228204 |                   4.889 |   0.448 |         0.143 | 6.356114e-05 | 1.422045e-06 |   2.6491e-08 |    2.6491e-08 |
| GRB090227772 |                  18.517 |   0.304 |         0.023 | 8.284255e-05 | 1.900286e-06 |   1.1791e-08 |    1.1791e-08 |
| GRB090219074 |                   1.772 |   0.448 |         0.272 | 3.030669e-06 | 5.078574e-07 |   5.4204e-08 |    5.4204e-08 |
| GRB090120627 |                   15.04 |   1.856 |         0.181 |  1.64084e-06 | 3.391008e-07 |   2.0788e-08 |    2.0788e-08 |
| GRB090108020 |                   0.484 |   0.704 |         0.143 | 3.188475e-06 | 4.370313e-07 |   1.6643e-08 |    1.6643e-08 |
| GRB081230871 |                  20.895 |   0.512 |         0.272 |  9.13718e-07 |          0.0 |   1.6004e-08 |    1.6004e-08 |
| GRB081229187 |                   4.484 |   0.768 |         0.724 | 1.473844e-06 |  3.02236e-07 |   7.6578e-08 |    7.6578e-08 |
| GRB081226509 |                   12.22 |   0.192 |         0.143 | 2.253567e-06 | 3.936421e-07 |   2.7133e-08 |    2.7133e-08 |
| GRB081223419 |                  10.066 |   0.576 |         0.143 | 2.269045e-06 | 2.952157e-07 |   3.8567e-08 |    3.8567e-08 |
| GRB081216531 |                  12.733 |   0.768 |         0.429 |   1.8227e-05 | 8.950898e-07 |   7.7392e-08 |    7.7392e-08 |
| GRB081209981 |                  23.532 |   0.192 |         0.143 | 1.150851e-05 | 8.139776e-07 |   1.4879e-08 |    1.4879e-08 |
| GRB081204517 |                  12.407 |   0.192 |         0.286 | 2.832515e-06 | 5.745595e-07 |   1.7439e-08 |    1.7439e-08 |
| GRB081122614 |                  14.724 |   0.192 |         0.091 | 1.075296e-06 | 2.901733e-07 |   7.9485e-09 |    7.9485e-09 |
| GRB081119184 |                   4.424 |    0.32 |          0.68 | 2.864463e-07 | 1.561339e-07 |    1.756e-08 |     1.756e-08 |
| GRB081107321 |                     7.7 |   1.664 |         0.234 | 1.306182e-06 |  2.20703e-07 |   3.1851e-08 |    3.1851e-08 |
| GRB081105614 |                  14.731 |    1.28 |         1.368 | 3.106523e-06 | 4.418598e-07 |   1.8363e-08 |    1.8363e-08 |
| GRB081102365 |                    8.75 |   1.728 |         0.231 | 1.517286e-06 |  4.00611e-07 |   3.2348e-08 |    3.2348e-08 |
| GRB081101491 |                  11.776 |   0.128 |         0.091 | 1.137195e-06 | 3.346163e-07 |    3.645e-09 |     3.645e-09 |
| GRB081024891 |                  21.378 |    0.64 |         0.264 | 2.401924e-06 | 3.689786e-07 |   2.8646e-08 |    2.8646e-08 |
| GRB081024245 |                   5.886 |   0.832 |         1.282 | 2.651241e-06 | 6.070389e-07 |   1.6934e-08 |    1.6934e-08 |
| GRB081012045 |                    1.09 |   1.216 |         1.748 | 3.072465e-06 | 4.419047e-07 |   4.3578e-08 |    4.3578e-08 |
| GRB080919790 |                   18.96 |   0.512 |         0.405 |  5.82286e-07 | 4.022177e-07 |   5.0626e-09 |    5.0626e-09 |
| GRB080831053 |                   1.271 |   0.576 |         1.168 | 9.153317e-07 | 3.019279e-07 |   1.7354e-08 |    1.7354e-08 |
| GRB080802386 |                   9.253 |   0.576 |         0.091 | 2.771404e-06 |  5.59858e-07 |    6.852e-09 |     6.852e-09 |
| GRB080725541 |                   12.99 |    0.96 |         1.292 |  1.50584e-06 | 3.822724e-07 |   4.3882e-08 |    4.3882e-08 |
| GRB160428412 | 2016-04-28 09:53:17.762 |   0.576 |          1.27 | 1.396456e-06 | 3.241034e-07 | 8.898625e-08 |  2.065282e-08 |
| GRB121023322 | 2012-10-23 07:44:16.946 |   0.512 |         0.181 | 3.120732e-06 | 4.290203e-07 | 1.985375e-07 |  2.729379e-08 |
| GRB120609580 | 2012-06-09 13:54:35.623 |   1.792 |          0.81 | 8.870887e-07 | 2.618016e-07 | 5.651846e-08 |  1.667998e-08 |
| GRB120212353 | 2012-02-12 08:27:47.590 |   0.864 |         0.577 |  1.40962e-06 | 3.384665e-07 | 8.968681e-08 |  2.153487e-08 |
| GRB120210650 | 2012-02-10 15:35:43.281 |   1.344 |         0.264 |  7.25064e-07 | 6.447272e-08 | 7.395153e-07 |  6.575773e-08 |
| GRB120205285 | 2012-02-05 06:51:05.307 |   0.576 |         0.272 | 1.073572e-06 | 2.567626e-07 | 6.846837e-08 |  1.637534e-08 |
| GRB120129312 | 2012-01-29 07:29:14.054 |    1.28 |         0.689 | 1.332555e-06 | 3.254139e-07 | 8.496173e-08 |  2.074791e-08 |
| GRB101021063 | 2010-10-21 01:30:31.658 |   1.536 |          2.36 | 1.383562e-06 |  3.90884e-07 | 8.817349e-08 |  2.491078e-08 |
| GRB100719311 | 2010-07-19 07:28:17.623 |     1.6 |         0.854 | 8.822104e-07 |  3.56137e-07 | 5.621005e-08 |  2.269127e-08 |
| GRB100204858 | 2010-02-04 20:36:03.767 |    1.92 |         2.375 | 1.147041e-06 |  4.48629e-07 | 7.315135e-08 |  2.861084e-08 |
| GRB091224373 | 2009-12-24 08:57:36.557 |   0.768 |         0.231 | 1.618069e-06 | 2.834345e-07 |  1.03015e-07 |  1.804497e-08 |
| GRB091122163 | 2009-11-22 03:54:20.375 |   1.984 |         1.925 | 6.950443e-07 |          0.0 | 4.430183e-08 |           0.0 |
| GRB091006360 | 2009-10-06 08:38:46.928 |   0.192 |         0.091 | 7.545648e-07 | 2.569863e-07 | 4.807716e-08 |   1.63739e-08 |
| GRB090909854 | 2009-09-09 20:29:52.740 |   1.152 |         2.244 | 1.461776e-06 | 2.724213e-07 | 9.304094e-08 |  1.733941e-08 |
| GRB090626707 | 2009-06-26 16:58:45.464 |     0.0 |           0.0 | 3.938793e-07 | 4.628924e-08 | 4.018344e-07 |  4.722413e-08 |
| GRB090620901 | 2009-06-20 21:37:35.751 |    0.96 |         0.272 | 6.078769e-07 |          0.0 | 3.871917e-08 |           0.0 |
| GRB090616157 | 2009-06-16 03:45:42.532 |   1.152 |         1.168 |  5.14892e-07 |          0.0 | 3.278585e-08 |           0.0 |
| GRB090418816 | 2009-04-18 19:35:24.918 |    0.32 |         0.405 | 2.083978e-07 |          0.0 | 2.125625e-07 |           0.0 |
| GRB090405663 | 2009-04-05 15:54:41.341 |   0.448 |         1.498 | 2.534528e-06 |  4.06544e-07 |  1.61109e-07 |  2.584225e-08 |
| GRB080815917 | 2008-08-15 22:00:05.085 |   0.832 |          0.32 | 1.229326e-06 | 2.746905e-07 | 7.829189e-08 |  1.749417e-08 |
| GRB080723913 | 2008-07-23 21:55:23.058 |   0.192 |         0.345 | 1.183467e-06 | 2.135367e-07 | 7.542046e-08 |  1.360836e-08 |
