|    name |       pseudo z |   pseudo z_error | Epeak (siml) [keV] | Epeak_error (siml) [keV] | Luminosity [erg/s] | Luminosity_error [erg/s] |
| 170428A | 0.925019157592 |  0.0151437046331 |       163.40886567 |                      0.0 |  4.04207982736e+51 |        5.46292351609e+49 |
| 170325A |  1.86102842408 |  0.0579883989167 |      186.163452653 |                      0.0 |  9.98538466791e+51 |        3.47701772607e+50 |
| 170112A |   5.0020595203 |   0.132798982272 |      210.608242897 |                      0.0 |  4.40664254712e+52 |        1.67504096146e+51 |
| 161104A |  5.96106901449 |  0.0644146198298 |       369.26192554 |                      0.0 |  1.49155958366e+53 |        2.37122232304e+51 |
| 160714A |  2.34403320583 |  0.0960156913906 |      229.589474369 |                      0.0 |  1.87106195252e+52 |        9.22960169467e+50 |
| 160624A |  3.90804868959 |  0.0797291044851 |      227.968240511 |                      0.0 |  3.57287983198e+52 |        9.97124971987e+50 |
| 160601A |  0.70701699937 |  0.0390566908061 |      64.0206953248 |                      0.0 |  6.57030605249e+50 |        2.58265477126e+49 |
| 160525B | 0.670016633066 |  0.0375631564731 |       60.495427136 |                      0.0 |  5.74314227486e+50 |        2.21928980141e+49 |
| 151205B |  12.3391321573 |  0.0703017644166 |      830.553281839 |                      0.0 |  1.83503916321e+54 |        1.66152601859e+52 |
| 151127A |  5.74506687607 |  0.0974586404661 |      282.012285559 |                      0.0 |  8.89194667261e+52 |        2.20726307306e+51 |
| 150831A |  1.46202447394 |  0.0248363113288 |      286.689724114 |                      0.0 |  1.61907123907e+52 |        2.80597532116e+50 |
| 150728A |  3.78804750158 |  0.0794841544937 |      221.799617602 |                      0.0 |   3.2666448435e+52 |        9.31637985469e+50 |
| 150710A | 0.858018494285 |  0.0287775579686 |      67.6088811339 |                      0.0 |  8.33804940455e+50 |        2.21866395848e+49 |
| 150301A |   9.0610997048 |  0.0638908373264 |      740.035924403 |                      0.0 |  9.27121929394e+53 |        1.01147031193e+52 |
| 150101A |  13.9721483242 |  0.0715872459849 |      583.103452329 |                      0.0 |  1.21873980627e+54 |        1.00111896798e+52 |
| 140930B | 0.431014266943 |  0.0120876020773 |      89.8124339324 |                      0.0 |  8.66774351037e+50 |        1.25784000176e+49 |
| 140606A |  1.23802225632 |  0.0511026441002 |      80.0806979956 |                      0.0 |  1.53629557988e+51 |        6.02666305211e+49 |
| 140516A |  4.12205080821 |  0.0800243525337 |       238.88226592 |                      0.0 |  4.16726376368e+52 |        1.11854236061e+51 |
| 140320A |  6.39607332103 |   0.126288331258 |      393.896339589 |                      0.0 |  1.84944877536e+53 |        5.42534653561e+51 |
| 140129B |  1.52602510755 |  0.0640448731897 |      137.686563128 |                      0.0 |  4.80192968576e+51 |        2.09163385694e+50 |
| 130626A |  1.96302943389 |  0.0726537764496 |      173.982950503 |                      0.0 |  9.43747146545e+51 |        3.97558495726e+50 |
| 130313A |  2.38003356224 |  0.0708150565355 |      147.089278721 |                      0.0 |  8.86854885555e+51 |        3.19212813404e+50 |
| 121226A | 0.942019325893 |  0.0402408235512 |      120.282476262 |                      0.0 |  2.42024428729e+51 |        8.61580132728e+49 |
| 120804A | 0.716017088471 | 0.00985351983445 |      275.645986387 |                      0.0 |  8.13874524001e+51 |        8.02879558183e+49 |
| 120630A |  2.42103396814 |    0.10180127907 |      181.683619334 |                      0.0 |  1.30133136565e+52 |        6.65283734259e+50 |
| 120521A |  2.50803482945 |   0.040088766222 |      217.037939544 |                      0.0 |  1.84418189147e+52 |        3.62064301459e+50 |
| 120403A |  2.61803591846 |  0.0665529332038 |       253.45306146 |                      0.0 |  2.53813044607e+52 |        8.02105372296e+50 |
| 120305A | 0.227012247322 |   0.006487054339 |      30.9455891175 |                      0.0 |  1.07239340614e+50 |        9.74038072623e+47 |
| 120229A |  3.89404855099 |  0.0797035803921 |      227.218313528 |                      0.0 |  3.53617326334e+52 |        9.89387121872e+50 |
| 111020A |  3.26304230402 |   0.086262281497 |      273.943990576 |                      0.0 |  3.84533938573e+52 |        1.33677752027e+51 |
| 110112A |  6.34107277653 |   0.151954434087 |       351.45341425 |                      0.0 |  1.50090947659e+53 |        5.33742157931e+51 |
| 101224A | 0.859018504185 |  0.0576012099354 |      67.6693527957 |                      0.0 |  8.36284414348e+50 |        4.45169145471e+49 |
| 100702A |  4.50505459995 |  0.0400756704852 |      579.001979133 |                      0.0 |  2.15873299932e+53 |        2.69986007209e+51 |
| 100628A |  8.70609619026 |  0.0655736004531 |      475.126537882 |                      0.0 |  4.07100292758e+53 |        4.72507834013e+51 |
| 100117A | 0.965019553596 |  0.0300821819942 |      174.100202885 |                      0.0 |  4.66723253907e+51 |        1.22751005179e+50 |
| 091109B | 0.240012376024 | 0.00554231971868 |      55.6052580222 |                      0.0 |  2.98610524016e+50 |        2.29294598762e+48 |
| 090815C |  22.0182279804 |  0.0376263636622 |      1530.46255849 |                      0.0 |  1.33907159871e+55 |          3.760514953e+52 |
|  090515 | 0.314013108631 |  0.0147884134439 |      77.7851579954 |                      0.0 |  5.84554522302e+50 |        1.13023843061e+49 |
| 090417A |  1.13002118711 |  0.0670904741052 |      231.041739394 |                      0.0 |  8.71602773425e+51 |        4.71648763863e+50 |
| 090305A |  5.71106653947 |  0.0821749380098 |      694.737666666 |                      0.0 |  4.14864532677e+53 |        8.72724780778e+51 |
| 081226A |  2.34703323553 |  0.0587046443715 |      362.004039983 |                      0.0 |  4.09668053728e+52 |        1.23443348761e+51 |
|  080919 | 0.828018197282 |  0.0327585282775 |      89.1254163745 |                      0.0 |  1.30557911717e+51 |        4.01948323845e+49 |
| 080702A |  3.78204744217 |   0.113529031187 |      269.397236616 |                      0.0 |  4.55255674573e+52 |        1.85682758204e+51 |
|  080426 |  1.40502390964 |  0.0172024199179 |      337.326554492 |                      0.0 |  2.05742173973e+52 |        2.52823029162e+50 |
| 071112B |  2.63703610656 |  0.0846689148272 |      281.136525545 |                      0.0 |  3.06033249206e+52 |        1.22396261794e+51 |
|  070923 |  4.85505806498 |  0.0665705101035 |      688.037089847 |                      0.0 |  3.22756514119e+53 |          6.304473945e+51 |
| 070810B |   1.0560204545 |  0.0514086566922 |      144.350074676 |                      0.0 |  3.65541459358e+51 |        1.57024936259e+50 |
|  070809 |  2.14203120601 |  0.0566057786735 |      222.711973342 |                      0.0 |  1.59509634703e+52 |         4.9369684842e+50 |
|  070729 |  8.67209585366 |  0.0657346054166 |      708.494047578 |                      0.0 |  8.03955437138e+53 |        9.38703862031e+51 |
|  070406 |  31.7053238826 |  0.0180170324192 |      1874.44321687 |                      0.0 |  3.46837929883e+55 |         3.2825741914e+52 |
|  070209 |  6.92507855819 |   0.126018236679 |       325.04754905 |                      0.0 |   1.4972373885e+53 |        4.09019153566e+51 |
|  060801 |  1.32002306813 |  0.0334457963993 |      146.611683358 |                      0.0 |  4.61767348433e+51 |        1.14365654242e+50 |
|  060313 | 0.176011742417 | 0.00212942936046 |      62.7135617923 |                      0.0 |  3.33908506782e+50 |        1.03872891828e+48 |
|  051210 |   4.0300498974 |  0.0639350046803 |      296.531374652 |                      0.0 |  5.85595500979e+52 |        1.27875486515e+51 |
| 051105A |  9.86910770408 |   0.112656832811 |      415.606836739 |                      0.0 |  3.92931557818e+53 |        6.99686854737e+51 |
|  050925 | 0.465014603546 |  0.0152658861921 |      166.199451322 |                      0.0 |  2.60140483608e+51 |        4.65705288003e+49 |
|  050202 |  1.40402389974 |   0.085039282357 |      95.5279687218 |                      0.0 |  2.35303107997e+51 |        1.42998548335e+50 |
