|         name |       pseudo z |  pseudo z_error | Epeak (meas) [keV] | Epeak_error (meas) [keV] | Luminosity [erg/s] | Luminosity_error [erg/s] |
| GRB170604603 |  1.39702383044 |  0.246122182615 |           1285.123 |                 353.7221 |  7.59264030082e+52 |        3.05399475791e+52 |
| GRB170511648 |  1.75102733507 |  0.824220294149 |           185.9839 |                 83.74623 |  1.02033140615e+52 |         9.3462167299e+51 |
| GRB170506169 |  1.89302874089 |  0.796482921346 |           1209.007 |                 869.1965 |  8.89186382671e+52 |        1.13563829952e+53 |
| GRB170206453 | 0.396013920439 | 0.0263303798692 |           382.8193 |                 34.17923 |  9.65542754606e+51 |        6.47239195456e+50 |
| GRB170127634 |  1.40802393934 |  0.353918430609 |           696.9158 |                 274.9997 |   2.8649244463e+52 |        1.65893528388e+52 |
| GRB170127067 | 0.367013633336 | 0.0172428617154 |           930.8628 |                 50.93115 |  2.68933342791e+52 |        1.09903251639e+51 |
| GRB170124528 | 0.714017068671 |  0.216310125256 |            184.107 |                 77.06606 |  4.61756837138e+51 |        1.91452989979e+51 |
| GRB170121133 | 0.832018236882 |  0.218517575794 |           240.7194 |                 86.72807 |  6.62685828893e+51 |        2.58514521191e+51 |
| GRB170111760 |  1.44402429574 |  0.362950959028 |           802.1448 |                 320.6566 |  4.50196943063e+52 |        2.67849709928e+52 |
| GRB161230298 |  1.17502163262 |  0.304801978218 |           430.6406 |                 155.9613 |  1.90507802786e+52 |        9.24143153016e+51 |
| GRB161218222 |  1.65302636486 |  0.198284754003 |           2041.903 |                 377.6876 |  1.43558026991e+53 |        4.39192070565e+52 |
| GRB161026373 |  1.17402162272 |  0.335171809677 |            207.184 |                 57.72955 |  8.05816229456e+51 |        3.36665373729e+51 |
| GRB161015400 | 0.991019810998 |  0.316039533766 |           256.7502 |                 119.2586 |  7.44248785685e+51 |        4.10052683879e+51 |
| GRB160829334 | 0.940019306093 |  0.311178702586 |           242.8424 |                 123.8213 |  6.76526345218e+51 |         3.9061597531e+51 |
| GRB160826938 |  0.91201902889 |  0.382130899171 |            72.9363 |                 30.60969 |  1.78918700774e+51 |        9.41053314597e+50 |
| GRB160822672 | 0.840018316083 |  0.153943461613 |           640.2372 |                 177.8453 |  2.21665638649e+52 |        6.54580365574e+51 |
| GRB160821937 | 0.866018573486 |  0.363017298403 |           125.1894 |                 75.88052 |  3.73275268628e+51 |         2.4762697659e+51 |
| GRB160820496 |  1.13902127621 |  0.257053940102 |           530.0693 |                 183.8305 |  2.38993317739e+52 |        1.05998194662e+52 |
| GRB160806584 | 0.726017187472 |  0.111318030429 |           180.5943 |                 32.11278 |   5.3412110497e+51 |        9.91881133934e+50 |
| GRB160804968 |  2.10003079021 |  0.629026901531 |           1722.469 |                 920.8385 |  1.45548493473e+53 |         1.4775586976e+53 |
| GRB160804180 |  1.24902236522 |  0.220050672498 |           1198.606 |                 347.6891 |  6.52425081109e+52 |        2.52736697493e+52 |
| GRB160726065 |  1.14502133561 |   0.30512629886 |           865.0218 |                 354.0813 |  4.27235077835e+52 |         2.2444431702e+52 |
| GRB160612842 | 0.887018781388 |  0.196328473319 |           652.9112 |                 233.7752 |   2.1087572699e+52 |        8.16455129665e+51 |
| GRB160411062 |   1.0300201971 |  0.246296191678 |           102.7589 |                 23.64955 |  3.27441575032e+51 |        1.03735411617e+51 |
| GRB160408268 |  1.10102090001 |  0.330382302125 |           593.9627 |                 298.3688 |  2.21381652436e+52 |         1.3622075624e+52 |
| GRB160406503 | 0.562015563856 |  0.111223076609 |           248.4562 |                 77.38967 |  5.74515641666e+51 |        1.52486655145e+51 |
| GRB151231568 |  1.09002079111 |  0.276833161663 |           578.0789 |                 237.7015 |  2.34469391527e+52 |        1.18291786135e+52 |
| GRB151229486 | 0.991019810998 |  0.563363683332 |           226.9345 |                 216.4868 |  6.30942057117e+51 |         6.8993069242e+51 |
| GRB151229285 | 0.896018870489 | 0.0674334919536 |           101.8448 |                 10.33207 |   3.6251068985e+51 |        4.18150396536e+50 |
| GRB151228129 |  1.27902266223 |  0.301306781768 |           963.9893 |                 351.4275 |    5.146461029e+52 |        2.58707201189e+52 |
| GRB151222340 |  1.36002346413 |  0.369196572749 |            1161.49 |                 533.6354 |  5.84082227034e+52 |        3.76951920672e+52 |
| GRB150923864 | 0.544015385654 | 0.0815686382833 |           120.8878 |                 21.12312 |  2.82530919442e+51 |        4.40776664861e+50 |
| GRB150923297 | 0.854018454685 |  0.437457325877 |           189.9169 |                 170.6284 |  4.84455067814e+51 |        4.52407846895e+51 |
| GRB150922234 | 0.739017316173 | 0.0723179767069 |           675.1127 |                 95.14654 |  2.47379938242e+52 |         3.4864176148e+51 |
| GRB150912600 |  1.29502282063 |  0.377217272692 |            382.278 |                 142.2673 |  1.76111954527e+52 |        9.62858699187e+51 |
| GRB150906944 |  0.50201496985 |   0.13589224976 |           157.1643 |                 68.88925 |   3.2283790628e+51 |        1.13854669512e+51 |
| GRB150819440 | 0.276012732427 | 0.0111414596159 |           542.0575 |                 26.10186 |  1.33034461155e+52 |        4.28761802819e+50 |
| GRB150811849 | 0.792017840878 |  0.109301580128 |           745.9009 |                 151.8488 |  2.88290046613e+52 |        6.06897881839e+51 |
| GRB150810485 | 0.529015237152 | 0.0759713211247 |           242.6199 |                 52.36776 |  5.68923707057e+51 |         1.0256026398e+51 |
| GRB150805746 | 0.885018761588 |  0.295562701091 |           58.38833 |                  21.3685 |  1.58640800926e+51 |        6.94129129893e+50 |
| GRB150728151 |  1.33502321663 |  0.595341203609 |           574.7437 |                 425.9215 |  2.29670228675e+52 |        2.37173982508e+52 |
| GRB150715136 |   3.0640403339 |   1.42414051911 |           1226.613 |                 1100.273 |  1.32704263337e+53 |        2.98716015898e+53 |
| GRB150705588 | 0.541015355954 |  0.329013869221 |           55.25069 |                 53.82241 |   1.0089829868e+51 |        8.19939035903e+50 |
| GRB150629564 |  2.89903870039 |  0.919911739373 |           1908.741 |                  1178.45 |  2.10369076697e+53 |        3.10782895406e+53 |
| GRB150628767 |  1.29702284043 |   0.37726911398 |            218.643 |                 46.66534 |   9.1474461848e+51 |        3.52357527137e+51 |
| GRB150604434 | 0.862018533885 |  0.188427311455 |           348.0588 |                 115.8768 |  1.13423728499e+52 |        4.07096044241e+51 |
| GRB150522944 |  1.35702343443 |  0.766959310998 |           265.8552 |                 256.5118 |  9.84490276032e+51 |        1.32938143529e+52 |
| GRB150506972 |  2.13703115651 |   1.14130475087 |           642.3626 |                 589.5518 |   4.6882090065e+52 |        8.36913153124e+52 |
| GRB150506630 |  1.28502272163 |  0.261216872288 |           959.0771 |                 326.1658 |  4.87553593494e+52 |        2.24777111946e+52 |
| GRB150412931 |  2.40503380974 |  0.932943219628 |           1142.185 |                 790.5856 |  1.00549680164e+53 |         1.4687626008e+53 |
| GRB150214293 |  1.51002494915 |  0.595332736356 |           462.9161 |                 289.0205 |  2.32691139558e+52 |        2.23423552553e+52 |
| GRB150118927 | 0.459014544145 | 0.0524018946352 |           257.3183 |                 42.98204 |  6.28152821047e+51 |        8.25893887295e+50 |
| GRB150101641 | 0.525015197552 |  0.103288087295 |           23.09543 |                 4.745475 |  4.11976884758e+50 |        7.62133975646e+49 |
| GRB141230871 | 0.384013801638 |  0.198841192343 |           40.79625 |                 34.50876 |  6.08520635805e+50 |        3.70045118978e+50 |
| GRB141213300 | 0.794017860679 |  0.206623353801 |           195.2583 |                 66.56731 |  6.17380190103e+51 |        2.24302209699e+51 |
| GRB141202470 | 0.973019632796 |   0.15243965274 |           647.5989 |                 140.9063 |  2.70489928151e+52 |        6.98677688262e+51 |
| GRB141113346 |  1.15202140491 |  0.624087643584 |           234.8776 |                  217.768 |  7.17348409063e+51 |        8.34303119115e+51 |
| GRB141105406 | 0.899018900189 |  0.125825391071 |           322.9593 |                 53.56593 |  1.15543949393e+52 |        2.26144410873e+51 |
| GRB141011282 | 0.642016355864 | 0.0888235463153 |           475.6797 |                 98.46963 |  1.45975939695e+52 |        2.77888544175e+51 |
| GRB140901821 | 0.523015177752 | 0.0339205410232 |           697.6152 |                  62.9287 |   2.1944138816e+52 |        1.66912578154e+51 |
| GRB140807500 |   1.0420203159 |  0.181304851139 |           826.8456 |                 234.3196 |   3.8017429016e+52 |        1.28290060258e+52 |
| GRB140710537 | 0.863018543785 |  0.495440587659 |           248.4266 |                 245.4092 |  6.01120479513e+51 |         6.2345316859e+51 |
| GRB140626843 |  1.09802087031 |   0.58370142691 |           246.9312 |                 199.8801 |  9.55241138326e+51 |        9.67880317425e+51 |
| GRB140605377 |   1.0590204842 |  0.165577411382 |           728.3437 |                 170.8517 |  3.29309398664e+52 |        9.48340383004e+51 |
| GRB140511095 |   1.0070199694 |  0.251910182035 |           315.4656 |                 107.2474 |  1.21197297358e+52 |        5.02743604849e+51 |
| GRB140428906 | 0.774017662677 |  0.222507406326 |           490.0442 |                 220.6209 |  1.51562351129e+52 |        6.87218742168e+51 |
| GRB140402007 |  2.12003098821 |  0.466656574488 |           1392.636 |                 489.5772 |  1.13417042235e+53 |        7.87364105229e+52 |
| GRB140105748 |  1.88102862209 |  0.943290219934 |           440.5833 |                 347.7609 |  2.75072817515e+52 |        3.92957688329e+52 |
| GRB140105065 |  1.23902226622 |  0.352678327711 |           420.6012 |                 173.1457 |  1.92650563069e+52 |        1.09012635404e+52 |
| GRB131217108 | 0.655016484565 |  0.205886784335 |           223.5437 |                 113.5455 |  4.80528281682e+51 |        2.23290393288e+51 |
| GRB131126163 | 0.486014811448 | 0.0551650626495 |           451.0256 |                  71.4245 |  1.22317026419e+52 |        1.57768392817e+51 |
| GRB130919173 | 0.487014821348 | 0.0864880234447 |            86.7071 |                 20.06369 |  1.81146640282e+51 |        3.46323997106e+50 |
| GRB130912358 |  1.31102297903 |  0.326066634954 |           921.1737 |                 399.8341 |    5.034143741e+52 |        2.97101409004e+52 |
| GRB130804023 | 0.525015197552 | 0.0346463258752 |           562.3654 |                 49.07794 |  1.71130945018e+52 |        1.27454099047e+51 |
| GRB130701761 | 0.976019662497 |  0.133477924169 |           838.2651 |                 178.6469 |  3.70044586066e+52 |        9.11240126765e+51 |
| GRB130628860 | 0.868018593286 |  0.094782143359 |           944.1827 |                 156.8917 |  3.98310242251e+52 |        7.16597538062e+51 |
| GRB130622615 |  1.18302171182 |  0.348318257564 |           302.7916 |                 112.2189 |  1.26366418284e+52 |         6.4939296394e+51 |
| GRB130515056 |  0.71201704887 | 0.0865163320842 |           516.3757 |                 83.93607 |  1.77125280034e+52 |        2.86905416455e+51 |
| GRB130504314 |  0.81001801908 | 0.0699259806946 |           1397.064 |                 180.0561 |  5.99879337142e+52 |        8.07607288804e+51 |
| GRB130416770 | 0.951019414994 | 0.0992335393678 |           1137.856 |                 177.2284 |  5.20195510223e+52 |        9.31105831123e+51 |
| GRB130307126 |  1.61302596886 |    0.3822504724 |           1629.743 |                  702.325 |   1.0365087701e+53 |        6.94169531772e+52 |
| GRB121127914 | 0.961019513995 |  0.127545403389 |           1014.578 |                 205.6001 |  4.57981395443e+52 |        1.06747273852e+52 |
| GRB121112806 |  1.53802522635 |  0.360070097046 |           783.0216 |                 276.0405 |  4.57206467261e+52 |        2.54735793215e+52 |
| GRB121012724 |  1.08302072181 |  0.219029495372 |           650.8483 |                 195.3806 |  2.84539199907e+52 |        1.06674360558e+52 |
| GRB121004211 | 0.975019652597 |  0.608304705311 |            74.2396 |                 11.65135 |    2.166633836e+51 |        8.83398175126e+50 |
| GRB120830297 |  1.17802166232 |  0.184188764702 |           919.7049 |                 218.8685 |  4.61947098912e+52 |        1.44093427333e+52 |
| GRB120817168 | 0.741017335973 | 0.0796406674888 |           1068.719 |                  183.417 |  4.24190713952e+52 |        7.12785316059e+51 |
| GRB120811014 | 0.737017296373 | 0.0706264571919 |           815.2886 |                 105.8287 |  3.07097804155e+52 |        4.03753719648e+51 |
| GRB120629565 |  1.08202071191 |  0.462216610114 |           141.7829 |                 80.19988 |  3.67617370266e+51 |        2.67681823964e+51 |
| GRB120624309 |  1.17202160292 | 0.0787935008718 |           4100.756 |                 445.3157 |  2.28413044152e+53 |        3.19127943445e+52 |
| GRB120619884 |  4.85205803528 |   1.70157292227 |           2972.371 |                 2130.581 |  3.91507393059e+53 |        1.02499189108e+54 |
| GRB120612687 | 0.826018177482 |  0.283886593662 |           367.0857 |                  201.617 |  1.04731525159e+52 |        5.98398438915e+51 |
| GRB120608489 |  1.44302428584 |  0.414538514894 |           570.2699 |                  258.122 |  3.03632985871e+52 |        2.04968488381e+52 |
| GRB120603439 |  3.78304745207 |  0.899047537043 |           882.4928 |                 418.0294 |  1.12334490389e+53 |        1.57852564524e+53 |
| GRB120524134 | 0.624016177662 |  0.249485342311 |           89.98893 |                 18.26899 |  2.24483663143e+51 |        5.77299841791e+50 |
| GRB120519721 | 0.848018395284 |   0.21025745973 |           379.9594 |                 140.7736 |  1.31735388583e+52 |        5.23477613578e+51 |
| GRB120222021 |  0.61101604896 |  0.114300323506 |           174.2524 |                 33.97369 |  4.69738523913e+51 |        8.93519172207e+50 |
| GRB120101354 | 0.961019513995 |  0.281994791488 |           185.1624 |                 48.75237 |  6.28626063093e+51 |        2.22828789282e+51 |
| GRB111222619 | 0.561015553956 | 0.0568911551886 |             787.53 |                 121.2393 |  2.59328679043e+52 |        3.42224760283e+51 |
| GRB111207512 |  1.49602481055 |  0.546953738955 |           225.0837 |                 79.76977 |  1.04336759331e+52 |        6.63198617949e+51 |
| GRB111117510 | 0.763017553776 |  0.135136881377 |             284.65 |                 71.11769 |  8.58573112589e+51 |        2.19436747196e+51 |
| GRB111112908 |  1.06302052381 |  0.159231773129 |           896.5158 |                 213.2003 |  4.16290396367e+52 |        1.20116505966e+52 |
| GRB111103948 |  3.64304606606 |   1.60773287093 |           2335.557 |                 2125.407 |  2.65183325481e+53 |        6.86814485683e+53 |
| GRB111024896 | 0.919019098191 |  0.398203918056 |           232.1194 |                 161.5316 |  6.23460720277e+51 |        4.79922014908e+51 |
| GRB111022854 |  1.44802433534 |  0.666159331467 |           471.1874 |                 352.0381 |  2.27973119225e+52 |        2.52569790101e+52 |
| GRB111011094 | 0.614016078661 |  0.121015447557 |           202.6508 |                 56.68982 |  5.19086900416e+51 |        1.31957358346e+51 |
| GRB111001804 | 0.942019325893 |  0.409060647955 |           170.6308 |                 116.4803 |  4.50214486954e+51 |        3.46786761203e+51 |
| GRB110916016 |  1.62502608766 |  0.683364284543 |           263.6794 |                 134.0241 |  1.33416109676e+52 |        1.19522426011e+52 |
| GRB110801335 | 0.384013801638 |    0.1742579571 |           54.93985 |                 38.26357 |  9.14679152893e+50 |        4.62250847354e+50 |
| GRB110728056 |  1.86202843398 |  0.606079539451 |           786.0388 |                 431.1666 |   5.2941251553e+52 |        5.11507682695e+52 |
| GRB110717180 | 0.581015751958 |  0.118275028115 |           260.9849 |                 82.03037 |     6.45323097e+51 |        1.76278047021e+51 |
| GRB110705151 | 0.640016336063 | 0.0539817891243 |           1007.631 |                 127.5936 |  3.61845732655e+52 |         4.2038721972e+51 |
| GRB110605780 |  1.26502252363 |  0.504199955847 |           253.0436 |                  133.645 |  1.09256267056e+52 |        8.24929281422e+51 |
| GRB110529034 |  1.28002267213 |  0.172202162358 |            2314.86 |                 548.3343 |  1.31659721325e+53 |        4.16396677518e+52 |
| GRB110517453 |  1.49202477095 |  0.518875664091 |           389.5851 |                 188.3293 |  1.98839853981e+52 |        1.52169293929e+52 |
| GRB110509475 | 0.396013920439 | 0.0922694310327 |           60.74353 |                 20.53071 |  9.66604170663e+50 |        2.42109628418e+50 |
| GRB110424758 | 0.855018464585 |  0.458039857219 |           166.5335 |                 152.9204 |  3.69958330898e+51 |        3.55053072896e+51 |
| GRB110420946 | 0.897018880389 |  0.206182783695 |           345.1889 |                 104.8302 |  1.25012954789e+52 |        4.34232376094e+51 |
| GRB110409179 | 0.757017494375 |  0.160401208404 |           265.4813 |                 81.76193 |  7.63817418268e+51 |        2.37920057882e+51 |
| GRB110227009 |  1.36202348393 |  0.381899524824 |           148.3173 |                 44.70538 |  6.00299646486e+51 |          2.915602752e+51 |
| GRB110213876 |  1.26102248402 |  0.702887586039 |           261.5485 |                 246.9086 |   7.9005143764e+51 |        9.95335446097e+51 |
| GRB110212550 | 0.745017375574 |  0.127315454994 |           300.5462 |                  72.1643 |  9.45253913451e+51 |         2.2929285154e+51 |
| GRB101216721 | 0.677016702367 | 0.0334356017808 |           169.6077 |                 10.38292 |   4.8089385422e+51 |        2.90604168861e+50 |
| GRB101208203 | 0.554015484655 |   0.18667026344 |           67.80181 |                 31.13188 |  1.22664370596e+51 |        4.90302576532e+50 |
| GRB101204343 |   1.0250201476 |  0.349156698161 |           365.3169 |                 204.9543 |  1.20685545444e+52 |         7.9589861476e+51 |
| GRB101129726 |  1.69402677077 |  0.478541870226 |           1266.116 |                 650.8138 |  8.66681883624e+52 |         7.1705386625e+52 |
| GRB101129652 |  1.45502440464 |  0.250062648571 |           1261.806 |                 346.7715 |  7.66843572625e+52 |        3.14872698331e+52 |
| GRB101104810 |  1.41002395914 |  0.479177805062 |           648.6932 |                 346.7724 |  3.16748616602e+52 |        2.48585944821e+52 |
| GRB101031625 |   1.0220201179 |  0.284165837655 |           340.0269 |                 126.4178 |  1.33463528144e+52 |        6.13893551203e+51 |
| GRB101027230 |  1.27202259293 |  0.557036485889 |           257.9423 |                 175.1204 |  1.02779092869e+52 |        9.58143023313e+51 |
| GRB101026034 | 0.517015118351 |  0.158816870909 |           123.3296 |                 60.93035 |   2.4131476023e+51 |        9.73216591527e+50 |
| GRB100827455 | 0.872018632886 |  0.118808226416 |           814.1667 |                 169.3599 |  3.15671898133e+52 |        7.12339996051e+51 |
| GRB100811108 |  0.90901899919 |  0.113571442076 |           998.6711 |                 186.9153 |  4.22942965583e+52 |        8.84269781139e+51 |
| GRB100805300 | 0.594015880659 |  0.111544985087 |           205.7558 |                 46.49693 |  5.50238548347e+51 |        1.15259136999e+51 |
| GRB100629801 | 0.693016860769 |  0.121939198921 |           232.0026 |                 49.90794 |  6.91127209232e+51 |        1.49182596108e+51 |
| GRB100625773 | 0.633016266763 |   0.13455018606 |           328.4625 |                 101.6235 |  9.02176310174e+51 |        2.56289502678e+51 |
| GRB100616773 |   1.0040199397 |  0.304104195328 |           212.6343 |                 65.46827 |  7.54626580592e+51 |        3.08639454413e+51 |
| GRB100612545 | 0.835018266583 |  0.184917770025 |            505.342 |                 169.7767 |  1.58669888781e+52 |         5.6461760354e+51 |
| GRB100525744 |  0.70501697957 |  0.296671130964 |           154.8935 |                 106.8152 |  3.49619272569e+51 |        2.28580501317e+51 |
| GRB100516396 |  1.19502183062 |  0.340625033895 |           168.1065 |                 43.80614 |  5.41979345669e+51 |         2.1961997515e+51 |
| GRB100417166 |  1.33602322653 |  0.453927613884 |           300.4486 |                  142.418 |  1.38483399323e+52 |        9.59996201725e+51 |
| GRB100328141 | 0.900018910089 |  0.155994677116 |           491.7723 |                 111.0904 |  1.89077406586e+52 |        4.91302259799e+51 |
| GRB100301068 |  1.19202180092 |  0.303838729789 |           544.4701 |                 209.1449 |  2.53112045879e+52 |        1.28777996019e+52 |
| GRB100216422 |  1.33002316713 |  0.582970087613 |           509.7542 |                 382.3851 |  1.75177877932e+52 |        1.81295118943e+52 |
| GRB100208386 |  1.58102565206 |  0.639639669059 |           671.4008 |                  449.073 |  3.08295231774e+52 |        3.23876567992e+52 |
| GRB100206563 | 0.695016880569 | 0.0972521779681 |           566.0923 |                 117.2836 |  1.81582927602e+52 |        3.61549894983e+51 |
| GRB100107074 | 0.599015930159 |  0.211275042619 |           127.8093 |                 70.96127 |  2.39925762623e+51 |        1.17085304044e+51 |
| GRB091223191 |  1.80102783008 |             0.0 |            472.271 |                      0.0 |  2.85388210083e+52 |                      0.0 |
| GRB091126333 | 0.674016672667 |  0.201534874911 |           173.5585 |                 81.55933 |  4.19184152666e+51 |        1.83928384113e+51 |
| GRB091019750 | 0.881018721987 |   0.25680649701 |           164.2713 |                 59.17525 |  5.05044625374e+51 |        2.09539147191e+51 |
| GRB091018957 | 0.990019801098 |  0.303619851531 |           340.3727 |                 153.3334 |  1.27235700195e+52 |        6.77994896595e+51 |
| GRB091012783 | 0.940019306093 |  0.132018865798 |           1049.711 |                 223.7932 |  4.70652609275e+52 |        1.14023086193e+52 |
| GRB090819607 |   1.0490203852 |  0.315738296843 |           342.2708 |                 159.5208 |  1.20992274056e+52 |        6.82664708646e+51 |
| GRB090802235 | 0.551015454955 | 0.0687686139253 |            301.263 |                 46.58572 |  8.46663100728e+51 |        1.16016774864e+51 |
| GRB090717111 |  1.67502658267 |  0.462967834353 |           722.2843 |                 280.2056 |  4.41747761676e+52 |        2.94358845257e+52 |
| GRB090621922 | 0.659016524165 |  0.211119961825 |           188.1228 |                 93.98742 |  4.45046027227e+51 |        2.05508170103e+51 |
| GRB090617208 | 0.634016276663 | 0.0921496359837 |           492.6412 |                  104.369 |  1.40896171317e+52 |        2.74218758359e+51 |
| GRB090429753 |  5.96206902439 |   1.03335838652 |            1852.24 |                  689.391 |  4.14329183127e+53 |        6.66815449919e+53 |
| GRB090412061 |  1.89502876069 |  0.914773545055 |           576.9313 |                 441.2123 |  3.73888189252e+52 |          5.194167342e+52 |
| GRB090331681 |  1.78702769148 |  0.609234287727 |           921.3348 |                 554.2334 |  6.20367074896e+52 |        6.29629262801e+52 |
| GRB090328713 |  1.27202259293 |  0.311813280044 |           1203.962 |                 525.4483 |  5.66380800682e+52 |        3.27783073756e+52 |
| GRB090308734 |  1.44802433534 |  0.398480918692 |           1035.198 |                 501.1376 |  5.27011069058e+52 |        3.70558393964e+52 |
| GRB090305052 |   1.0350202466 |  0.288662926593 |           443.8923 |                 197.5876 |  1.48902426562e+52 |        7.89749573056e+51 |
| GRB090228204 | 0.343013395734 | 0.0141456821677 |           854.3635 |                 49.34895 |  2.37010798629e+52 |        9.65230606011e+50 |
| GRB090227772 | 0.495014900549 | 0.0169111390836 |           2029.799 |                 92.37897 |  7.06552447249e+52 |        2.66511268964e+51 |
| GRB090219074 | 0.364013603636 |  0.157459607531 |           70.20864 |                 46.75648 |  1.12322550793e+51 |        5.31571602537e+50 |
| GRB090120627 |  5.48806433174 |   1.76102110991 |           2541.313 |                 1546.245 |   5.1914292235e+53 |        1.31589299402e+54 |
| GRB090108020 | 0.540015346053 | 0.0631904981137 |           145.8965 |                 15.63359 |  3.59412142408e+51 |        3.64192469102e+50 |
| GRB081230871 |  1.41802403834 |             0.0 |           246.7687 |                      0.0 |  1.12107131771e+52 |                      0.0 |
| GRB081229187 | 0.929019197192 |  0.344832744391 |           188.6971 |                 106.6297 |   5.2705783025e+51 |        3.35797886089e+51 |
| GRB081226509 | 0.957019474395 |  0.220706451368 |           284.8657 |                 88.83046 |  1.01606094098e+52 |        3.74891537774e+51 |
| GRB081223419 | 0.770017623076 |  0.117351637056 |            199.671 |                 37.60102 |  6.11349868904e+51 |        1.22335247592e+51 |
| GRB081216531 | 0.852018434884 | 0.0789717253713 |           1402.423 |                  198.606 |  6.10136639167e+52 |        9.24480740784e+51 |
| GRB081209981 | 0.746017385474 | 0.0978365551823 |           758.3737 |                 149.1564 |  2.69766732869e+52 |        5.28525779673e+51 |
| GRB081204517 | 0.985019751598 |  0.242097480249 |           363.4103 |                  116.025 |  1.40442613271e+52 |         5.4617168951e+51 |
| GRB081122614 |    1.051020405 |  0.334307088079 |           176.5214 |                 72.46069 |  6.41975346057e+51 |        3.35284517934e+51 |
| GRB081119184 |   1.0540204347 |  0.372964575283 |           57.25549 |                 14.17326 |  1.68371611221e+51 |        6.58954285306e+50 |
| GRB081107321 | 0.495014900549 | 0.0953351022932 |           58.49905 |                 13.02623 |  1.16322804698e+51 |         2.2118177605e+50 |
| GRB081105614 | 0.877018682387 |  0.187978317454 |           324.8822 |                 98.74878 |  1.04858602531e+52 |        3.53152494697e+51 |
| GRB081102365 |  1.61302596886 |  0.917844982852 |           463.6771 |                 450.1094 |  2.25064195435e+52 |        3.45208386557e+52 |
| GRB081101491 |  1.12902117721 |   0.38189498906 |            207.753 |                 90.30927 |  7.98975208311e+51 |        4.63802372821e+51 |
| GRB081024891 |  2.78003752228 |   1.34876467802 |           1495.904 |                 1432.638 |  1.13638396654e+53 |        2.50720144932e+53 |
| GRB081024245 |  1.39202378094 |  0.484655705152 |           596.1074 |                 312.9762 |  3.10221727848e+52 |        2.39750250135e+52 |
| GRB081012045 |   2.0200299982 |  0.923644102119 |           1182.131 |                 1020.841 |  5.83101504416e+52 |        9.14364149046e+52 |
| GRB080919790 |  1.38502371164 |  0.839587546254 |           161.9193 |                 107.4857 |   7.0778560273e+51 |        7.61419261077e+51 |
| GRB080831053 |  1.08902078121 |  0.361487763762 |           162.8083 |                 63.37424 |  5.63181890871e+51 |        2.93737452495e+51 |
| GRB080802386 |   1.0090199892 |  0.254602678124 |           370.6485 |                 123.8498 |   1.4587425143e+52 |        5.99715667849e+51 |
| GRB080725541 |  1.63502618666 |  0.719033441086 |           470.4988 |                 333.6057 |  2.71091712612e+52 |        3.11443410925e+52 |
