|    name |       pseudo z |   pseudo z_error | Epeak (siml) [keV] | Epeak_error (siml) [keV] | Luminosity [erg/s] | Luminosity_error [erg/s] |
| 910502A |  9.25310160562 |   0.272366817474 |      1340.24981372 |                      0.0 |  4.37675535408e+53 |        1.36030742485e+52 |
|  910512 |  5.41506360904 |   0.464369369185 |       307.14750212 |                      0.0 |  4.51140517737e+52 |        3.82085268318e+51 |
| 910518A |  3.95704917469 |   0.407517714765 |      226.992682113 |                      0.0 |  2.34144966468e+52 |         2.2521325774e+51 |
| 910521A |  1.68402667177 |  0.0541789719633 |      173.889770237 |                      0.0 |  8.36411784756e+51 |        1.97537675024e+50 |
| 910526B |  4.54605500585 |   0.206400320399 |      383.041609079 |                      0.0 |  4.92571921112e+52 |        2.14477484642e+51 |
| 910602B |  6.60107535055 |   0.194347888272 |      1028.46629406 |                      0.0 |  2.26231812363e+53 |        6.76775026808e+51 |
| 910607B |  3.73104693727 |   0.333473483178 |      176.282865104 |                      0.0 |  1.64959399478e+52 |        1.36040111037e+51 |
|  910608 |  2.36803344343 |  0.0569370150558 |       347.24213208 |                      0.0 |  2.45053375529e+52 |        4.84690883289e+50 |
|  910609 |  1.30302289983 | 0.00943216035804 |      769.591335459 |                      0.0 |  3.98675365809e+52 |        1.91037304849e+50 |
|  910616 |  2.10503083971 |   0.091030220781 |      201.415529043 |                      0.0 |  1.17753023559e+52 |        4.03903491273e+50 |
|  910625 |  4.64705600576 |    0.22928086081 |       494.50408045 |                      0.0 |  6.78309855741e+52 |        3.22225345259e+51 |
|  910626 |  1.69302676087 |  0.0133711128166 |      876.540428686 |                      0.0 |  5.57073952304e+52 |        3.23612730585e+50 |
| 910702B |  1.80002782018 |  0.0352488675785 |      398.960461572 |                      0.0 |   2.3222253299e+52 |         3.4203696365e+50 |
|  910703 |  5.75706699487 |   0.196132132814 |      887.292152534 |                      0.0 |  1.65839771701e+53 |        5.63203155155e+51 |
| 910705B |  1.70402686977 |  0.0892094376544 |      107.902474317 |                      0.0 |  4.82505744352e+51 |        1.86246512273e+50 |
| 910705A |  10.0441094366 |   0.925633503875 |      563.994467435 |                      0.0 |  1.73415474275e+53 |         1.7005212922e+52 |
|  910710 |   9.1321004077 |   0.308145632674 |      1138.67090593 |                      0.0 |   3.5671680022e+53 |        1.26930490233e+52 |
|  910711 |  5.18706135181 |   0.313747892401 |      483.567863109 |                      0.0 |  7.35395059555e+52 |        4.36317833573e+51 |
| 910717A |  3.42304388804 |  0.0746913597315 |      661.709272027 |                      0.0 |  7.16585611585e+52 |        1.41580376334e+51 |
| 910718A |  2.15103129511 |  0.0530082662513 |       384.80395945 |                      0.0 |  2.55625819273e+52 |        5.03131446723e+50 |
|  910722 |  2.77603748267 |   0.194329167808 |      231.418382954 |                      0.0 |  1.74219233431e+52 |        1.04901972506e+51 |
| 910725B |   1.0350202466 |  0.0350555722627 |      116.724143421 |                      0.0 |  3.79225544719e+51 |        7.64313925403e+49 |
| 910802A |  0.71001702907 |   0.016933300582 |      92.1263090037 |                      0.0 |  2.34628404357e+51 |        2.71836413167e+49 |
| 910814A |  2.08703066151 |  0.0924774147903 |      186.924035977 |                      0.0 |  1.07214717767e+52 |        3.75781162744e+50 |
|  910827 |  1.15202140491 |   0.171866857665 |      29.6954557724 |                      0.0 |  8.16693574899e+50 |        7.63115984558e+49 |
|  910828 |  12.2701314742 |   0.225702087966 |      2629.62986959 |                      0.0 |   1.3022178989e+54 |        2.59137266444e+52 |
|  910912 |  1.82502806768 |   0.100924675562 |      122.720611901 |                      0.0 |  5.90964378311e+51 |        2.47014109112e+50 |
|  910916 |  5.72006662857 |   0.283120637472 |      487.608033558 |                      0.0 |  8.18013467131e+52 |        4.03222041206e+51 |
|  910919 |  6.94407874629 |  0.0954146055493 |      2143.60070724 |                      0.0 |  5.62562598155e+53 |        7.90547619598e+51 |
| 910928B |  2.87903850239 |   0.232854923735 |      144.057043657 |                      0.0 |  1.03263241609e+52 |        7.25258706624e+50 |
| 910928A |  5.96006900459 |   0.155793771184 |      1004.38112596 |                      0.0 |  1.98492769887e+53 |        5.19836893416e+51 |
|  910929 |  6.44907384574 |   0.521279807426 |      429.528287949 |                      0.0 |  7.95395310722e+52 |        6.51234666074e+51 |
|  911002 |  4.52505479795 |   0.370803840457 |      285.656916572 |                      0.0 |  3.48000181525e+52 |        2.73258050742e+51 |
|  911007 |  3.85504816488 |   0.198710885237 |      382.190149079 |                      0.0 |  4.20429917152e+52 |        2.01329580822e+51 |
| 911016A |  2.21303190892 |  0.0588638621159 |      387.607918579 |                      0.0 |  2.63790515425e+52 |        5.65429877203e+50 |
|  911019 |  4.67705630276 |   0.394466500733 |        281.0800225 |                      0.0 |  3.52417280739e+52 |        2.86503534256e+51 |
| 911025B |  6.17507113311 |    0.49236270715 |      327.509310847 |                      0.0 |  5.54267068785e+52 |        4.45003962201e+51 |
| 911025A |  1.74802730537 |  0.0370595768538 |      281.652582398 |                      0.0 |  1.51092918646e+52 |         2.3840172021e+50 |
|  911113 |  6.70307636036 |   0.421069422343 |       505.73899667 |                      0.0 |  1.00144546189e+53 |        6.40475713382e+51 |
| 911117B |  1.74702729547 |  0.0592026690651 |      190.924037045 |                      0.0 |  9.59186319635e+51 |         2.4186172706e+50 |
| 911117A |  2.36403340383 |  0.0781216505043 |      296.439267946 |                      0.0 |  2.03411312041e+52 |        5.52677867866e+50 |
| 911119B | 0.888018791288 |  0.0193114502576 |       111.28510449 |                      0.0 |  3.28820954216e+51 |        3.93508324729e+49 |
| 911120C |  2.29703274053 |   0.145609259951 |      143.300809704 |                      0.0 |  8.48595795047e+51 |        4.38482708736e+50 |
| 911120B |  1.29902286023 |  0.0582998401395 |      85.0809695475 |                      0.0 |  3.02316776371e+51 |        8.96958157546e+49 |
| 911120A |  5.55106495545 |   0.304932169094 |      462.109824447 |                      0.0 |   7.4550314009e+52 |        4.06000600834e+51 |
| 911123A |  2.10303081991 |  0.0630165840731 |      260.124458297 |                      0.0 |  1.58785592763e+52 |        3.77281686743e+50 |
| 911129B |  1.32002306813 |  0.0818702162348 |       67.122107069 |                      0.0 |  2.31692236619e+51 |        9.56601324955e+49 |
| 911129A |  16.6861751931 |   0.770156254983 |      1344.96238588 |                      0.0 |  8.31670695436e+53 |        4.23723143068e+52 |
| 911209C |  1.74402726577 |  0.0917535307159 |      120.134673269 |                      0.0 |  5.56679587112e+51 |        2.17783774715e+50 |
| 911224A |  4.45005405544 |   0.118776037549 |      773.776484116 |                      0.0 |  1.09866724021e+53 |        2.80143183641e+51 |
|  911226 |  1.87102852309 |  0.0872865204601 |      135.937093935 |                      0.0 |  6.78615065663e+51 |        2.41389865633e+50 |
| 920110B | 0.926019167492 |  0.0331025300681 |      68.5008290551 |                      0.0 |   1.9077855654e+51 |        3.83633040764e+49 |
| 920121B |  14.9171576798 |    0.27447878982 |      3319.75778924 |                      0.0 |  2.11599416874e+54 |        4.26917148496e+52 |
|  920205 |  7.01807947889 |   0.329879624449 |      768.582156801 |                      0.0 |  1.71277437181e+53 |        8.24462965964e+51 |
| 920216B |  1.18702175142 |  0.0732635466999 |      62.6342554992 |                      0.0 |  1.99298961748e+51 |        7.81134347415e+49 |
| 920224B |  3.63304596706 |   0.209016545618 |      266.694929376 |                      0.0 |  2.61281376992e+52 |        1.37914006363e+51 |
| 920229B |  3.59104555126 |  0.0455907650312 |      1299.77874328 |                      0.0 |  1.64923553971e+53 |        1.91616906618e+51 |
| 920303B |   4.0500500954 |   0.648812091893 |      166.071468659 |                      0.0 |  1.66016968651e+52 |        2.49552307763e+51 |
| 920305C |  3.71904681847 |   0.132608672297 |      454.169130352 |                      0.0 |  4.97703694737e+52 |        1.63634309159e+51 |
| 920314B |  1.16502153362 |  0.0556691882768 |      75.7254349973 |                      0.0 |  2.45936304647e+51 |        7.39879805112e+49 |
| 920325B |  1.66602649356 |  0.0313528568127 |      303.016979976 |                      0.0 |  1.58872337604e+52 |        2.18598312785e+50 |
| 920414B |  2.36203338403 |  0.0115569607158 |       2211.6660274 |                      0.0 |  2.13276697508e+53 |        8.57770062279e+50 |
| 920423A |   4.0880504716 |   0.442886356859 |      175.957224332 |                      0.0 |   1.7920831254e+52 |        1.82509259706e+51 |
|  920508 |  9.51010414994 |   0.194963296918 |      1874.36652945 |                      0.0 |  6.67027673851e+53 |        1.44768993448e+52 |
|  920605 |  1.92002900819 |  0.0345384057877 |      425.520019659 |                      0.0 |  2.62945249193e+52 |         3.6388680861e+50 |
|  920606 |  3.55804522455 |   0.127073341079 |       390.71399805 |                      0.0 |  4.00815332514e+52 |         1.3073925534e+51 |
| 920620C |    7.117080459 |   0.345304084873 |      812.978501462 |                      0.0 |  1.85517153868e+53 |        9.23361579337e+51 |
| 920622C |  1.36402350374 |  0.0555890620512 |      105.773755472 |                      0.0 |  4.02756785838e+51 |        1.10806767154e+50 |
| 920622B |  6.41007345963 |   0.389868752258 |      429.768702283 |                      0.0 |  7.90955639477e+52 |        4.86893417755e+51 |
|  920629 |  14.4371529277 |    1.02466026202 |      868.990528095 |                      0.0 |  4.25484184316e+53 |        3.30431902347e+52 |
| 920711A |  5.35506301503 |    0.15131890992 |      822.100805892 |                      0.0 |  1.41153989336e+53 |        3.93235177428e+51 |
|  920722 |  2.11303091891 |  0.0375160232363 |      409.582207535 |                      0.0 |  2.71051194488e+52 |        3.82182282006e+50 |
| 920803B |  3.40004366034 |   0.147591637038 |      307.496189161 |                      0.0 |  2.90610371877e+52 |        1.14051692867e+51 |
| 920804A |  5.10506054001 |   0.209298767026 |      548.958838234 |                      0.0 |    8.398755272e+52 |        3.36881749233e+51 |
|  920808 |  3.54004504635 |  0.0418571151429 |       1277.3343556 |                      0.0 |  1.59514639326e+53 |         1.7206618859e+51 |
| 920811B |  8.85809769508 |   0.222817987553 |      1396.83623649 |                      0.0 |  4.38694576788e+53 |         1.1601262592e+52 |
|  920818 |  3.73004692737 |   0.131897233805 |      479.671272619 |                      0.0 |  5.31945683039e+52 |        1.73549508683e+51 |
| 921001A |   5.0080595797 |   0.217653649704 |      527.448566138 |                      0.0 |  7.86633178689e+52 |        3.33418616538e+51 |
| 921023A | 0.998019880299 |  0.0521907992264 |      44.0260972233 |                      0.0 |  1.18676365045e+51 |        3.62697230914e+49 |
| 921102B |  1.90002881019 |   0.065257087654 |      218.421040155 |                      0.0 |  1.19572051959e+52 |         3.1480449099e+50 |
|  921108 |  4.43905394654 |   0.273234137057 |      314.326813077 |                      0.0 |  3.82005401008e+52 |        2.24526163984e+51 |
| 921111A |  8.73509647736 |   0.332995318631 |      1049.38993006 |                      0.0 |   3.0936091357e+53 |        1.23808132138e+52 |
|  921115 |  11.6181250194 |   0.386484983625 |      1487.75051832 |                      0.0 |  6.30455188411e+53 |        2.25932071104e+52 |
| 921123A |  1.23502222662 |  0.0163803907824 |      285.445988727 |                      0.0 |  1.20585650562e+52 |        1.03400801336e+50 |
|  921214 |  20.8932168428 |    1.58391741397 |      1160.50521068 |                      0.0 |  8.98308243054e+53 |        7.60386156596e+52 |
|  921219 |  2.27403251283 |  0.0828654810509 |      216.074168727 |                      0.0 |  1.36105133043e+52 |        4.03042676464e+50 |
| 930103A |  7.98508905229 |   0.196208209355 |      1374.57351813 |                      0.0 |  3.86295046927e+53 |        9.86960541282e+51 |
| 930104B |  5.38006326253 |   0.353718862234 |      709.193482954 |                      0.0 |   1.1929353931e+53 |        7.73812997059e+51 |
| 930110B | 0.576015702457 |   0.018233739977 |      31.8987915315 |                      0.0 |  6.17092529765e+50 |        8.35317091889e+48 |
| 930110A |  6.61407547925 |  0.0454813110536 |      4205.74195359 |                      0.0 |   1.1777755496e+54 |        8.23121969757e+51 |
| 930113B |  5.24506192602 |   0.319720932053 |      370.541187396 |                      0.0 |  5.44459234088e+52 |        3.26126095376e+51 |
|  930124 |  4.35105307533 |   0.250188017182 |      303.057909946 |                      0.0 |  3.59121204169e+52 |        1.96450960697e+51 |
|  930125 |  11.7101259302 |   0.430164553372 |      1643.43434867 |                      0.0 |  7.14384759852e+53 |        2.82880369029e+52 |
| 930201A |  3.52304487805 |  0.0821816615637 |      583.494250555 |                      0.0 |  6.34871535602e+52 |        1.34963315479e+51 |
| 930203B |   3.0390400864 |    0.27920666374 |      128.687302692 |                      0.0 |  9.48707988536e+51 |        7.67301478597e+50 |
| 930203A |  8.15209070561 |    0.51543217277 |      625.791031389 |                      0.0 |  1.57181582609e+53 |         1.0357113285e+52 |
| 930204A |  2.97603946269 |   0.124090836286 |      292.227493474 |                      0.0 |  2.43154290091e+52 |        8.87885213416e+50 |
| 930206A |  1.36902355324 |  0.0563815378713 |      102.231600132 |                      0.0 |  3.88252110485e+51 |        1.08110338194e+50 |
| 930219E |  17.2251805292 |   0.344158889671 |      3070.18937994 |                      0.0 |  2.26258988654e+54 |        4.99895072978e+52 |
| 930219B |  10.6451153866 |    0.28851462499 |      1693.34009463 |                      0.0 |  6.67858415944e+53 |        1.93595073479e+52 |
|  930220 |  1.57602560256 |  0.0688168024191 |      127.137508231 |                      0.0 |  5.52462957787e+51 |        1.72676540875e+50 |
|  930304 | 0.634016276663 |  0.0104295590193 |      71.6019920119 |                      0.0 |  1.65475429176e+51 |        1.23574523828e+49 |
| 930305A |  1.94702927549 |  0.0855184165795 |      151.363193479 |                      0.0 |  7.93328521985e+51 |        2.69348233227e+50 |
|  930324 |  2.69903672037 |  0.0884199083194 |      301.959355797 |                      0.0 |  2.32167557331e+52 |        6.49305096228e+50 |
| 930326A |  2.18903167132 |  0.0355283867218 |      464.153094017 |                      0.0 |  3.22715125551e+52 |        4.20650914981e+50 |
|  930329 | 0.991019810998 |  0.0106592538217 |      227.610253285 |                      0.0 |  8.08519054928e+51 |        5.06439234856e+49 |
| 930405C |   4.0320499172 |   0.219180411901 |      290.560173039 |                      0.0 |  3.18189335781e+52 |        1.62154229125e+51 |
| 930406B |  15.4571630258 |    1.89163045564 |       574.07740952 |                      0.0 |  2.82342054812e+53 |        3.79701890219e+52 |
| 930421A |  1.53902523625 |  0.0714040202689 |      106.499810738 |                      0.0 |  4.41738269466e+51 |        1.45347154642e+50 |
| 930425B |  2.97503945279 |  0.0223058401922 |      1706.15356725 |                      0.0 |  1.91621442444e+53 |        1.25807667277e+51 |
|  930428 |  1.12202110791 |  0.0109878501415 |      330.086400414 |                      0.0 |  1.34601552228e+52 |        8.15453043627e+49 |
| 930503D |  7.63208555756 |   0.468160788749 |      561.723259806 |                      0.0 |  1.29357353012e+53 |        8.20835785451e+51 |
| 930506C | 0.693016860769 |  0.0116026051554 |      79.4378237754 |                      0.0 |  1.94976864765e+51 |         1.5633750411e+49 |
|  930510 |  25.1602590865 |   0.552772426881 |      3491.23790933 |                      0.0 |  4.01370635386e+54 |         9.9228354267e+52 |
| 930524A |       11.11112 |    0.25939655895 |      1808.03238645 |                      0.0 |  7.54856528641e+53 |         1.8916038125e+52 |
|  930526 |  1.20402191972 |  0.0340846538838 |      119.355871253 |                      0.0 |   4.2773935284e+51 |        7.73941346335e+49 |
|  930528 |  1.50802492935 |  0.0347155547134 |      188.145977051 |                      0.0 |  8.47361634389e+51 |        1.37229322319e+50 |
|  930529 |  2.20603183962 |   0.155031467208 |       122.28863125 |                      0.0 |   6.8202999094e+51 |         3.8587030664e+50 |
| 930530B |  5.17006118351 |   0.145351629777 |      719.026387834 |                      0.0 |  1.16580850804e+53 |        3.21324260952e+51 |
| 930601B |  5.62906572766 |   0.212240654505 |       710.70291474 |                      0.0 |  1.25080257005e+53 |        4.68544536177e+51 |
| 930605A |  14.2081506606 |   0.558109499319 |      1397.68541624 |                      0.0 |  7.29111609474e+53 |        3.13056613877e+52 |
| 930606B |  1.86002841418 |  0.0280904537706 |      427.800996522 |                      0.0 |  2.58337485174e+52 |         2.9686684453e+50 |
| 930608B |  5.68806631176 |   0.323675057216 |      453.104558363 |                      0.0 |  7.46349363345e+52 |        4.22607004923e+51 |
| 930609B |  8.01908938889 |   0.533891708773 |      531.442416472 |                      0.0 |   1.2762890698e+53 |        8.83945311874e+51 |
| 930614B |  13.9631482351 |   0.707513973939 |      1424.78768851 |                      0.0 |  7.31676389648e+53 |        4.04778043012e+52 |
|  930623 |  2.61303586896 |   0.122193879419 |      202.938856792 |                      0.0 |  1.41916284691e+52 |        5.61558848279e+50 |
| 930708A |  1.65602639456 |   0.135288445598 |      63.7082553497 |                      0.0 |  2.55248813113e+51 |        1.52117056622e+50 |
| 930719B |  3.40404369994 |  0.0988710921542 |      500.112670035 |                      0.0 |  5.13920318773e+52 |        1.34989305264e+51 |
| 930719A |  2.76303735397 |   0.284318998223 |      115.081874064 |                      0.0 |  7.66359750357e+51 |        6.77463497501e+50 |
| 930721A |  2.86503836378 |   0.076736896662 |      412.691603426 |                      0.0 |  3.52282690179e+52 |        8.18328334206e+50 |
| 930809A |  5.18306131221 |   0.321258989424 |      436.193439753 |                      0.0 |  6.51249758155e+52 |        3.95899699947e+51 |
|  930811 |  8.36509281433 |   0.229227452605 |      1438.08427124 |                      0.0 |  4.27439497882e+53 |        1.22409480553e+52 |
|  930824 |  4.93605886689 |   0.131657363741 |      688.577475973 |                      0.0 |  1.05933333209e+53 |        2.74894122912e+51 |
|  930826 |  1.73202714697 |  0.0891337146213 |      102.778295118 |                      0.0 |  4.61489590108e+51 |        1.76158971631e+50 |
| 930903C |  9.02909938799 |   0.139531422051 |      2157.97685804 |                      0.0 |  7.44624212645e+53 |        1.21208506746e+52 |
| 930903A |  4.53305487715 |   0.182205687496 |      502.961893995 |                      0.0 |  6.75525697086e+52 |        2.60270344947e+51 |
| 930905A | 0.600015940059 |  0.0049706191645 |      162.929062784 |                      0.0 |  4.22508191903e+51 |        1.53570280021e+49 |
|  930911 |  1.35802344433 |  0.0354391410237 |      146.927723202 |                      0.0 |  5.90074215029e+51 |        1.03759427601e+50 |
| 930913A |  23.6122437611 |   0.430411532246 |      4045.09067709 |                      0.0 |  4.44020189773e+54 |        9.08492342825e+52 |
| 930922A |  4.82005771848 |   0.497873438741 |      233.438881041 |                      0.0 |  2.91985296896e+52 |        2.92239227007e+51 |
|  931005 |  4.82805779768 |   0.191217476237 |      504.842881436 |                      0.0 |  7.21158498092e+52 |        2.76834568098e+51 |
| 931013B |  2.37403350284 |  0.0435639378419 |      493.132350998 |                      0.0 |  3.70022479585e+52 |        5.58974131585e+50 |
| 931014B |  17.5641838853 |   0.262204936561 |      4123.23582016 |                      0.0 |  3.26459808086e+54 |         5.3948650446e+52 |
| 931021C |  2.95303923499 |   0.184070464695 |      192.400686474 |                      0.0 |  1.48085243656e+52 |        8.06771652208e+50 |
|  931022 |  2.10103080011 |   0.141633809781 |      128.076635291 |                      0.0 |  6.92261929993e+51 |        3.69927969031e+50 |
| 931101B |  10.9441183467 |   0.693476195569 |      759.743176604 |                      0.0 |  2.69330962775e+53 |        1.82957242227e+52 |
| 931101A |  2.44603421564 |  0.0343991296959 |       670.04642453 |                      0.0 |  5.43167478943e+52 |        6.34377090913e+50 |
| 931113B |  3.11104079921 |  0.0597743441157 |      700.364937844 |                      0.0 |  7.03138772005e+52 |        1.19616183193e+51 |
| 931113A |  7.23508162722 |   0.255610928925 |      940.229132981 |                      0.0 |   2.2368597201e+53 |        8.12336787503e+51 |
|  931120 |  1.89102872109 |   0.102247687097 |      121.647210507 |                      0.0 |  6.00708404311e+51 |        2.48571112697e+50 |
| 931205B |  1.21102198902 |  0.0111217963485 |      397.153505907 |                      0.0 |   1.7523053169e+52 |        1.03128218882e+50 |
|  931211 |  4.46405419404 |    0.21677880748 |      360.717432593 |                      0.0 |  4.51308309806e+52 |         2.0948890012e+51 |
| 931215B |  4.79805750068 |   0.261574047979 |      426.684727007 |                      0.0 |  5.88716760029e+52 |         3.1074517705e+51 |
| 931221A |  2.36203338403 |   0.129072205619 |      163.511382167 |                      0.0 |  1.01328492324e+52 |        4.55143298352e+50 |
| 931229B |  1.56402548375 |  0.0153833640061 |      574.351760834 |                      0.0 |   3.2100604663e+52 |        2.25334689022e+50 |
|  940108 |  10.1921109018 |   0.335546198004 |      1334.31977165 |                      0.0 |  4.82392535251e+53 |        1.69210285357e+52 |
| 940112A |  5.24306190622 |   0.265305776537 |      426.495442389 |                      0.0 |  6.41652426757e+52 |        3.19032382746e+51 |
| 940114B |   6.1010704005 |   0.509497594392 |      352.507134328 |                      0.0 |  5.96799348582e+52 |         5.0099399652e+51 |
|  940124 |  6.82707758798 |   0.317348397956 |      645.013200679 |                      0.0 |   1.3562771361e+53 |        6.43385062484e+51 |
| 940128A |  2.61403587886 |  0.0526967428334 |      467.184945649 |                      0.0 |  3.76574539665e+52 |        6.42433424493e+50 |
| 940201B |  3.82004781838 |   0.111344597755 |      515.315101952 |                      0.0 |  5.91361603202e+52 |        1.59829443839e+51 |
| 940207B |  3.09404063091 |   0.161087383252 |      245.965507652 |                      0.0 |  2.05699543506e+52 |        9.46953313329e+50 |
| 940207A |  3.66404627396 |   0.399304319867 |      153.444042024 |                      0.0 |  1.37948510729e+52 |        1.38179633371e+51 |
| 940211B |  16.4541728962 |   0.486216945157 |      2129.66178933 |                      0.0 |  1.40217072646e+54 |        4.57001446232e+52 |
| 940214C |  1.70602688957 |  0.0866712909475 |      114.517185392 |                      0.0 |  5.17809735449e+51 |        1.94043558618e+50 |
| 940214B |  4.87105822338 |   0.526967175646 |      216.073267747 |                      0.0 |  2.69476031811e+52 |        2.82991363809e+51 |
|  940216 |  3.49704462065 |   0.168300689407 |      340.618159421 |                      0.0 |  3.36022364429e+52 |        1.47133898863e+51 |
|  940219 |  3.43304398704 |  0.0325753414987 |      1484.80927095 |                      0.0 |  1.84956991905e+53 |        1.59016998569e+51 |
|  940224 |   2.0580303744 |   0.177028432716 |      106.973545598 |                      0.0 |  5.51852025271e+51 |        3.73774554148e+50 |
| 940226A |  6.28907226172 |   0.256791149075 |      727.358666715 |                      0.0 |  1.43602869673e+53 |        5.91911496687e+51 |
| 940305C |  4.87005821348 |  0.0787343312152 |      1281.52425615 |                      0.0 |  2.16284668275e+53 |        3.39416797324e+51 |
| 940305B |  1.09802087031 |  0.0361057515868 |       101.61225523 |                      0.0 |   3.3461923105e+51 |        6.73757083832e+49 |
|  940310 |  5.62206565836 |   0.458070718373 |      295.695971912 |                      0.0 |  4.47807823273e+52 |        3.62423697382e+51 |
| 940312A |  1.87902860229 |   0.136898500694 |      82.5535089378 |                      0.0 |  3.79927242386e+51 |        2.11367888746e+50 |
|  940326 |  1.69602679057 |  0.0737687474252 |      131.665039294 |                      0.0 |  6.07312355398e+51 |        1.94422348231e+50 |
| 940329A |  3.27304240302 |  0.0312829925093 |      1477.63515031 |                      0.0 |  1.76201904968e+53 |        1.50927211888e+51 |
|  940404 |  4.85605807488 |     0.2066954904 |      534.441269832 |                      0.0 |  7.75255398061e+52 |        3.20152050042e+51 |
| 940410A |   5.0220597183 |   0.128312363327 |      923.073404303 |                      0.0 |  1.51812035605e+53 |          3.784561017e+51 |
| 940415A | 0.424014197642 | 0.00656092296894 |      38.2123641368 |                      0.0 |  6.77161184049e+50 |         3.6502998193e+48 |
|  940428 |  1.38302369184 |   0.022764410134 |      248.062013765 |                      0.0 |  1.10249013352e+52 |        1.23222102471e+50 |
|  940506 |  10.3051120205 |   0.362179872143 |      1253.80307805 |                      0.0 |  4.53796966488e+53 |        1.70097092885e+52 |
|  940507 |  4.72805680767 |   0.285218588581 |      355.737586536 |                      0.0 |  4.69150314759e+52 |        2.73318094195e+51 |
| 940512B |  7.97608896319 |   0.224390647312 |      1456.03952164 |                      0.0 |  4.12753811565e+53 |        1.20724261474e+52 |
| 940512A |  1.39002376114 |    0.10077501953 |      59.5551696473 |                      0.0 |   2.0844266209e+51 |        1.02830783572e+50 |
| 940515B |  2.46703442354 |  0.0711049419586 |      304.399330661 |                      0.0 |  2.17206768922e+52 |        5.21195730653e+50 |
| 940515A |   5.0970604608 |  0.0809807212004 |       1467.2594076 |                      0.0 |  2.64842438226e+53 |        4.11561344917e+51 |
| 940521B |  2.59703571056 |   0.188984071767 |       133.13419037 |                      0.0 |  8.62085919515e+51 |        5.29927998663e+50 |
| 940527A |  1.52502509765 |   0.053140864704 |      140.600473863 |                      0.0 |  6.07206707927e+51 |        1.49515197951e+50 |
|  940613 |  17.6581848159 |   0.389567724165 |       3011.3366444 |                      0.0 |  2.27336834763e+54 |         5.5535316124e+52 |
| 940621C |  19.9912079129 |   0.496580912997 |      3030.06958096 |                      0.0 |  2.62867122564e+54 |        7.27569902721e+52 |
| 940621B |  15.7411658375 |   0.198979534305 |      4900.38900813 |                      0.0 |  3.54020572192e+54 |        4.92308203916e+52 |
| 940623B |  10.0551095455 |   0.726405010138 |      706.179024128 |                      0.0 |  2.25847853301e+53 |        1.73627139057e+52 |
|  940628 |  3.61304576906 |    0.39145336157 |      161.954700905 |                      0.0 |   1.4501694868e+52 |        1.43978249118e+51 |
| 940708B |  6.79607728107 |   0.250259446991 |      783.287328935 |                      0.0 |  1.69456048834e+53 |        6.36439729671e+51 |
|  940712 |   10.080109793 |   0.515669390932 |      994.838481455 |                      0.0 |   3.3813388555e+53 |        1.84120373123e+52 |
| 940714A |  13.6081447205 |   0.318330838501 |      2921.53432683 |                      0.0 |  1.64795801306e+54 |        4.20160919401e+52 |
| 940717A |  1.07302062281 | 0.00691091275141 |      529.883278152 |                      0.0 |  2.27564860224e+52 |        8.87611356143e+49 |
|  940724 |  3.41304378904 |   0.117586031239 |      458.593725874 |                      0.0 |  4.65520092619e+52 |        1.45124851328e+51 |
|  940808 |  5.20606153992 |  0.0447150918574 |      2807.12312703 |                      0.0 |  5.77653771029e+53 |        4.86958021325e+51 |
|  940809 |  3.35404320493 |   0.118133006895 |      355.293003131 |                      0.0 |  3.39945520928e+52 |        1.07912985868e+51 |
|  940811 |  2.13203110701 |   0.112654918516 |      139.274897556 |                      0.0 |  7.72809812025e+51 |        3.25223994941e+50 |
| 940812A |  6.33507271713 |   0.163541333567 |      1166.97762425 |                      0.0 |   2.5154164111e+53 |        6.56173765617e+51 |
|  940825 |   6.1010704005 |   0.396554777901 |      436.727877714 |                      0.0 |  7.66773846595e+52 |         5.0099399652e+51 |
|  940831 |  3.53304497705 |   0.126135811304 |       464.31712535 |                      0.0 |  4.87177728186e+52 |        1.58606749364e+51 |
| 940902A |  2.60303576996 |  0.0189122410168 |      1619.46205213 |                      0.0 |  1.60708457352e+53 |        9.86958778466e+50 |
|  940918 |  1.87502856269 |  0.0276585312839 |       453.06981503 |                      0.0 |   2.7795604706e+52 |        3.12859206472e+50 |
| 941003A | 0.732017246872 | 0.00951387615886 |      97.0213092604 |                      0.0 |  2.53274556507e+51 |         1.6277312711e+49 |
| 941005B |  10.9971188714 |   0.397089109508 |        1033.383903 |                      0.0 |  3.87972238448e+53 |        1.50244134635e+52 |
| 941031A |  1.29502282063 |   0.051796966348 |       84.474003616 |                      0.0 |  2.99273701262e+51 |        7.90263153015e+49 |
| 941110B | 0.592015860859 |  0.0244779708795 |      21.6085090167 |                      0.0 |  3.96356457398e+50 |        7.13016899576e+48 |
|  941113 |  2.33403310683 |   0.124283101128 |      128.673884073 |                      0.0 |  7.57998954306e+51 |        3.30595274488e+50 |
| 941123B |  10.3321122878 |   0.591385677432 |      1927.59760467 |                      0.0 |  7.52728069424e+53 |        4.59604112548e+52 |
| 941126E |  2.48603461165 |  0.0628443696699 |      360.516895118 |                      0.0 |  2.66494428791e+52 |        5.62093645889e+50 |
|  941203 |  10.5841147826 |   0.338723935005 |      1250.66903582 |                      0.0 |  4.65591289306e+53 |         1.5928458272e+52 |
|  941218 |  2.34503321573 |  0.0588171780983 |      251.869482471 |                      0.0 |   1.6691303717e+52 |        3.43383854364e+50 |
| 941229A |  2.85503826478 |   0.436401011753 |      73.9997467967 |                      0.0 |  4.70085727624e+51 |        6.22615578563e+50 |
| 941230A |  1.65902642426 |   0.062599034925 |      109.709921409 |                      0.0 |  4.82667871745e+51 |         1.3294721309e+50 |
|  950101 |  4.17405132301 |   0.202340424148 |      302.653671642 |                      0.0 |   3.4472859441e+52 |        1.57730287188e+51 |
| 950102A | 0.360013564036 | 0.00996388867514 |      14.4278573933 |                      0.0 |  2.04597403702e+50 |        1.75376584095e+48 |
|  950103 |  24.5132526811 |   0.455344814903 |      2887.37716643 |                      0.0 |  3.12139774475e+54 |         6.5179277077e+52 |
|  950108 |  18.7181953101 |   0.122063026866 |      7578.61594953 |                      0.0 |  7.14099279696e+54 |        5.17203467581e+52 |
| 950115B |  4.55305507515 |   0.071234048642 |      1007.84741806 |                      0.0 |   1.5301639186e+53 |        2.29656883198e+51 |
| 950129B |  1.26802255333 |  0.0297052338597 |      138.313660832 |                      0.0 |  5.25825836653e+51 |        8.05774260332e+49 |
|  950130 |  13.7561461858 |   0.362866052328 |       1596.9473421 |                      0.0 |  8.22625601125e+53 |        2.36679952732e+52 |
|  950210 |  1.42102406804 |  0.0112803219712 |      414.334001164 |                      0.0 |  2.04805105472e+52 |        1.11647506815e+50 |
| 950211B |  1.62402607776 | 0.00795369121511 |      1018.41776073 |                      0.0 |  6.44494071192e+52 |        2.28562705399e+50 |
| 950221A |  12.3751325137 |   0.480127298257 |      1100.46403277 |                      0.0 |  4.74255152907e+53 |        1.99184814557e+52 |
| 950225A |  4.72705679777 |    4.62285909619 |      511.587494409 |                      0.0 |  7.17564932014e+52 |        6.77682442751e+52 |
|  950321 |  1.71102693907 |  0.0592422751877 |      141.753169473 |                      0.0 |  6.65982976164e+51 |        1.70273430431e+50 |
|  950328 |  4.41405369904 |   0.185111979233 |      380.936859685 |                      0.0 |  4.75908192811e+52 |        1.90379862317e+51 |
| 950405B |  1.39002376114 |  0.0646780850136 |      81.1148988914 |                      0.0 |  2.99302284027e+51 |        9.47656240763e+49 |
|  950410 |  3.89504856089 |  0.0642472289143 |      772.633180424 |                      0.0 |  9.67369365191e+52 |        1.48551002761e+51 |
| 950416A |  6.25307190532 |   0.196122133809 |      650.077925427 |                      0.0 |  1.25214444656e+53 |         3.9613655478e+51 |
|  950502 |  1.33202318693 |  0.0357581519232 |      117.380478428 |                      0.0 |  4.47732704904e+51 |        8.03242874343e+49 |
|  950505 |  1.89202873099 |  0.0367117102694 |      268.048281452 |                      0.0 |    1.514920782e+52 |        2.24997555223e+50 |
|  950529 | 0.900018910089 | 0.00805046505315 |      204.994967244 |                      0.0 |   6.7687504019e+51 |        3.35550126798e+49 |
| 950611A |  4.10105060031 |    0.17196716914 |      328.411373372 |                      0.0 |  3.73152177878e+52 |        1.47183034629e+51 |
|  950612 |  4.26605223382 |  0.0493104159135 |       1295.4069922 |                      0.0 |  1.92901114384e+53 |        2.11336300837e+51 |
|  950620 | 0.933019236792 |  0.0087526239556 |      223.648410875 |                      0.0 |  7.64341600661e+51 |        4.04925804045e+49 |
|  950714 |  1.85302834488 |  0.0344833659644 |      289.319175302 |                      0.0 |  1.63007407205e+52 |        2.30513713001e+50 |
|  950716 |   6.1070704599 |   0.119721438337 |        1135.493914 |                      0.0 |  2.34814548473e+53 |        4.62798739703e+51 |
|  950801 |  6.34907285573 |   0.114879572801 |      1268.40050539 |                      0.0 |  2.77905835715e+53 |        5.08269193214e+51 |
|  950802 |  11.4251231086 |   0.243175751077 |      1789.18417378 |                      0.0 |  7.68342945278e+53 |        1.75938358331e+52 |
| 950804B |  0.30801304923 | 0.00362866934168 |      25.5984593218 |                      0.0 |  3.84147555041e+50 |        1.24686448203e+48 |
| 950805B |  1.14502133561 |  0.0315203910475 |       99.593276671 |                      0.0 |  3.35434328862e+51 |        5.76704511882e+49 |
| 950805A | 0.617016108361 | 0.00473965086508 |      146.974258434 |                      0.0 |  3.80150696241e+51 |        1.30368796784e+49 |
| 950806B |  7.24708174602 |   0.219121072061 |      957.629548579 |                      0.0 |  2.28953648664e+53 |        7.11733283075e+51 |
|  950810 |  2.45203427504 |  0.0479088167392 |      393.649243413 |                      0.0 |  2.91956259228e+52 |        4.74071664172e+50 |
| 950830A |   5.0480599757 |  0.0549475512722 |       1574.8209532 |                      0.0 |    2.849984698e+53 |        3.02942805972e+51 |
| 950901B |   9.0860999523 |   0.389364449762 |      844.270624552 |                      0.0 |   2.5002290928e+53 |        1.12927235069e+52 |
| 950908A |  4.44705402574 |    0.27096341256 |      239.937578621 |                      0.0 |  2.79011912767e+52 |        1.62389363159e+51 |
| 950911A |  1.40502390964 |  0.0348611078989 |      133.430600314 |                      0.0 |  5.39370655641e+51 |        9.14734298551e+49 |
| 950914A | 0.861018523985 |   0.108892114243 |      15.1404629187 |                      0.0 |  3.13214429114e+50 |        2.14423981926e+49 |
|  950920 |   6.0530699253 |    0.24865883323 |      630.109068925 |                      0.0 |  1.16821822594e+53 |        4.81876271457e+51 |
| 951014B |  1.36902355324 |  0.0245439709792 |      220.850562321 |                      0.0 |  9.55584589512e+51 |        1.15832505208e+50 |
| 951015A |  10.5561145054 |   0.340479291107 |      1048.46967156 |                      0.0 |  3.77696264811e+53 |        1.30198930645e+52 |
| 951030B |  3.93504895689 |  0.0580713594235 |      876.110551959 |                      0.0 |  1.13141172661e+53 |        1.55767577179e+51 |
|  951101 |  6.68307616236 |   0.361620996241 |      534.894976681 |                      0.0 |  1.06594381546e+53 |        5.87000776662e+51 |
| 951104B |  4.27105228332 |   0.178357004398 |       389.75937596 |                      0.0 |  4.73619064688e+52 |        1.87502854238e+51 |
| 951104A |  4.28905246152 |   0.159392505009 |      408.420891475 |                      0.0 |  5.02382383231e+52 |        1.77137407746e+51 |
|  951110 |  3.43204397714 |  0.0468725947672 |      763.783879025 |                      0.0 |  8.49807753873e+52 |        1.05152956015e+51 |
| 951112A |   1.0240201377 |   0.116371683232 |      21.4446831568 |                      0.0 |  5.19633677637e+50 |        3.49555096746e+49 |
| 951117A |  12.3131318999 |   0.361786079936 |      1478.14100418 |                      0.0 |  6.66235401695e+53 |        2.11828887781e+52 |
| 951124A |  4.16205120421 |     0.2634780603 |        219.9296744 |                      0.0 |  2.36631550586e+52 |        1.41312526359e+51 |
|  951125 |  3.18004148231 |  0.0412993355695 |      739.024069662 |                      0.0 |  7.63506749304e+52 |        8.82594497005e+50 |
|  951209 |  3.76904731347 |  0.0393887659872 |      1198.09770761 |                      0.0 |  1.56759247724e+53 |        1.51481562571e+51 |
| 951211B |  1.89602877059 |  0.0305308297223 |      309.630749707 |                      0.0 |   1.7957379489e+52 |        2.21495321516e+50 |
|  960112 |  2.51403488885 |  0.0454714939345 |      403.968828472 |                      0.0 |  3.07387529928e+52 |         4.6537736973e+50 |
|  960130 | 0.623016167762 | 0.00554085752356 |       115.73639413 |                      0.0 |   2.8873013037e+51 |         1.1532729494e+49 |
| 960205B |  7.70308626046 |    0.27153215317 |      781.714375786 |                      0.0 |  1.92286193781e+53 |        7.01910824639e+51 |
|  960207 |   1.9700295032 |  0.0249870545502 |      430.246079549 |                      0.0 |  2.71729202298e+52 |        2.67470861829e+50 |
|  960209 |  8.72909641796 |   0.601008317192 |      457.978915675 |                      0.0 |  1.17186283453e+53 |        8.46975050393e+51 |
|  960214 |  5.77406716317 |   0.166398021309 |      683.766491063 |                      0.0 |  1.22613069917e+53 |        3.52388143244e+51 |
|  960220 | 0.645016385564 |  0.0144754761177 |      46.1839867136 |                      0.0 |  9.99106824288e+50 |         1.0286329126e+49 |
| 960229B |  6.81707748897 |   0.160393820214 |      972.708873709 |                      0.0 |  2.18996840288e+53 |        5.25735041739e+51 |
|  960311 |  3.92404884799 |  0.0688973098708 |      793.527046995 |                      0.0 |    1.005076706e+53 |        1.64537533181e+51 |
|  960312 |  2.57903553236 |  0.0743649401302 |      322.521539185 |                      0.0 |  2.41314395029e+52 |        5.86639516167e+50 |
|  960319 |   4.0400499964 |  0.0275183133387 |      2064.94251224 |                      0.0 |  3.16118683347e+53 |        2.01940298102e+51 |
| 960325A |  1.19102179102 | 0.00701828293149 |      507.785365706 |                      0.0 |  2.31171240682e+52 |         8.6637086855e+49 |
|  960426 |  4.45305408514 |  0.0715526186658 |      856.422602471 |                      0.0 |  1.23822285864e+53 |        1.90094874127e+51 |
|  960507 |  3.65904622446 |   0.115216232274 |      373.665077436 |                      0.0 |  3.90246898239e+52 |        1.12912486534e+51 |
|  960512 |  5.54706491585 |   0.900918093185 |      158.472103631 |                      0.0 |  2.13003286299e+52 |        3.42934223032e+51 |
|  960513 |  16.1271696589 |   0.394782643052 |      2089.34533449 |                      0.0 |  1.34112551805e+54 |        3.61682701844e+52 |
|  960515 |  1.66702650347 |  0.0310850378572 |      210.395215525 |                      0.0 |  1.03753188996e+52 |        1.41485321206e+50 |
| 960523B | 0.570015643056 |  0.0105679989829 |      44.1989226948 |                      0.0 |  8.99136266327e+50 |        7.08109074729e+48 |
| 960524C |  1.48702472145 |   0.014652588626 |      380.578410202 |                      0.0 |  1.91334307172e+52 |        1.31890332916e+50 |
| 960607A |  1.46702452345 |    0.11653140526 |      46.4008815449 |                      0.0 |  1.61614848841e+51 |        8.93175165574e+49 |
| 960608B |  2.86803839348 |   0.099356298462 |      254.079216971 |                      0.0 |  1.99906226183e+52 |        6.00781857973e+50 |
| 960615B |  1.82802809738 |   0.120939911492 |      79.6444558272 |                      0.0 |  3.56724089341e+51 |        1.78486028492e+50 |
| 960615A |  1.92002900819 |  0.0446092912326 |       221.73899795 |                      0.0 |  1.22707782957e+52 |        2.19329035327e+50 |
| 960616C | 0.464014593646 |  0.0138648187171 |      20.4370600835 |                      0.0 |  3.35438643395e+50 |        3.71678760707e+48 |
| 960616B |  4.89305844118 |   0.216340366276 |      426.507081159 |                      0.0 |   5.9963154031e+52 |        2.57553314254e+51 |
| 960616A |  2.45603431464 |  0.0878238317335 |      210.473893197 |                      0.0 |  1.40536167616e+52 |        4.17838355403e+50 |
| 960703B | 0.854018454685 | 0.00631480695418 |      218.592938671 |                      0.0 |  7.08371685069e+51 |        2.82288431655e+49 |
|  960704 |  1.38502371164 |  0.0290537562332 |      153.599479685 |                      0.0 |  6.30093495257e+51 |        8.98049851218e+49 |
|  960705 |  1.62502608766 |  0.0264799328657 |      282.047918225 |                      0.0 |   1.4350162079e+52 |         1.6936588036e+50 |
| 960708B |  2.46303438394 |  0.0198859419469 |       1058.3224326 |                      0.0 |  9.32711252455e+52 |        6.26646244968e+50 |
|  960710 |  5.61306556926 |   0.497564122205 |      248.374364928 |                      0.0 |  3.64530330899e+52 |        3.20897076079e+51 |
| 960713A |  7.64408567636 |     0.2318848556 |      918.424088693 |                      0.0 |  2.30351814649e+53 |        7.22987556511e+51 |
| 960722B |  9.38210288273 |  0.0911186633037 |      3618.73693122 |                      0.0 |  1.41971287359e+54 |        1.45783507167e+52 |
| 960731B |  2.64303616596 |  0.0475005346669 |      450.203734239 |                      0.0 |  3.63933654699e+52 |        5.55191867468e+50 |
| 960803B |  10.9141180497 |   0.262697492433 |      1514.94471603 |                      0.0 |  6.02119375421e+53 |        1.55332557398e+52 |
| 960803A | 0.755017474575 | 0.00953138532268 |      109.656155637 |                      0.0 |  2.96959018709e+51 |        1.88693509998e+49 |
| 960804A |  6.53107465755 |   0.150317172475 |      887.438498482 |                      0.0 |  1.88331128783e+53 |        4.39804446833e+51 |
|  960805 |  7.16908097381 |   0.111902498402 |      1636.58298733 |                      0.0 |  4.23835021954e+53 |        6.79280713241e+51 |
|  960816 |  6.19207130141 |   0.443502226677 |      408.453456006 |                      0.0 |  7.19673557935e+52 |         5.1923412616e+51 |
|  00010B |  1.45702442444 | 0.00649406604245 |      1047.78187689 |                      0.0 |   6.1650649039e+52 |        1.90647336449e+50 |
|  00011C |  1.56302547385 |   0.054931670893 |       121.17257054 |                      0.0 |  5.19135879265e+51 |        1.30177759935e+50 |
|  00012C |  2.73203704707 |  0.0818058764139 |      268.625065502 |                      0.0 |  2.04624664739e+52 |        5.24786190323e+50 |
|  00020D |  3.58604550176 |  0.0847641932317 |      490.108137274 |                      0.0 |  5.26126510747e+52 |        1.13775858458e+51 |
|  00021D |  2.08903068131 |  0.0470872187274 |      299.872792175 |                      0.0 |    1.866061159e+52 |        3.32807076557e+50 |
|  00022G |  3.20004168032 |   0.113378971442 |      311.793228742 |                      0.0 |  2.79705833906e+52 |        8.83418111936e+50 |
|  00022D |   12.352132286 |   0.243952402865 |      2159.66346682 |                      0.0 |  1.04176487302e+54 |        2.22694783952e+52 |
|  00030B |  5.44106386644 |   0.177945007102 |      618.534957723 |                      0.0 |  1.02812893364e+53 |        3.32323952387e+51 |
|  00031H |  2.34403320583 |  0.0276951877439 |      566.740663821 |                      0.0 |  4.30954620035e+52 |        4.17591004643e+50 |
|  00031D |  4.37205328323 |   0.160710192114 |      469.826144553 |                      0.0 |  6.02661753376e+52 |        2.10941777452e+51 |
|  00031A |  11.3951228116 |   0.473221880279 |      971.079274401 |                      0.0 |  3.74836753624e+53 |        1.67433367601e+52 |
|  00032E |  3.75104713527 |  0.0605485299738 |      904.818209152 |                      0.0 |  1.12363770044e+53 |        1.67543054375e+51 |
|  00041G |   4.0300498974 |   0.155358494357 |      415.516528816 |                      0.0 |  4.83235001524e+52 |        1.74625215719e+51 |
|  00041C |  9.62810531815 |   0.222190431703 |      1366.59305017 |                      0.0 |  4.67000180081e+53 |        1.14227958002e+52 |
|  00041B |  2.31903295833 |  0.0982856301668 |      184.132697749 |                      0.0 |  1.14698025885e+52 |        3.97393049017e+50 |
|  00050E |  2.29003267123 |  0.0840619008909 |      197.707407314 |                      0.0 |  1.23386817587e+52 |        3.68853255186e+50 |
|  00050C |  3.46104426424 |   0.130434730125 |       334.65315394 |                      0.0 |  3.25975668112e+52 |        1.11513579695e+51 |
|  00051E |  1.90302883989 |  0.0206061894801 |      455.642458655 |                      0.0 |  2.82897580799e+52 |        2.34942417925e+50 |
|  00052B |   1.0340202367 |  0.0150727076803 |      141.935434552 |                      0.0 |  4.77063006996e+51 |        4.13616266455e+49 |
|  96090F |  6.55407488525 |   0.202569060221 |      924.668176325 |                      0.0 |  1.98282883584e+53 |        6.22103887703e+51 |
|  96090A |  0.80601797948 |   0.011970662349 |      99.2753004631 |                      0.0 |  2.73108940869e+51 |         2.1179606708e+49 |
|  96091A |  1.70202684997 |  0.0149748122161 |       536.59426113 |                      0.0 |  3.14920347062e+52 |        2.04201208459e+50 |
|  96092D |  3.76904731347 |   0.144747049888 |      356.664554839 |                      0.0 |  3.79735763884e+52 |        1.34848292955e+51 |
|  96092B |  3.71204674917 |   0.106070545988 |      454.200295839 |                      0.0 |  4.96827640967e+52 |        1.30850933522e+51 |
|   96100 |  10.9951188516 |   0.400981286974 |      1015.43889961 |                      0.0 |  3.80050049014e+53 |        1.48643596445e+52 |
|  96101C |  1.95602936459 |  0.0195214518555 |      559.998158756 |                      0.0 |  3.67975839521e+52 |        2.84320737265e+50 |
|  96101B |  9.76510667447 |   0.198787748956 |      1640.44241052 |                      0.0 |  5.86895661633e+53 |        1.26799645412e+52 |
|   96102 |  10.9631185348 |   0.279668568291 |      1450.34537936 |                      0.0 |  5.74944671071e+53 |        1.57257427876e+52 |
|   96102 |  2.59303567096 |  0.0499276667253 |      422.241602738 |                      0.0 |  3.32216222399e+52 |        5.40115249372e+50 |
|   96103 |  1.59202576096 |  0.0457304243834 |      154.330599819 |                      0.0 |  6.98546994649e+51 |        1.44194072713e+50 |
|  96122F |  1.65202635496 |  0.0358394718452 |      223.267981601 |                      0.0 |  1.10515439332e+52 |        1.74740100668e+50 |
|   96123 |  5.65706600486 |   0.249513411028 |      455.887793205 |                      0.0 |  7.47700042881e+52 |        3.27887075098e+51 |
|  97010C |  5.67606619296 |   0.184908849127 |      667.835487637 |                      0.0 |  1.17275886543e+53 |        3.80042046372e+51 |
|  97011D |  2.13903117631 |   0.122700887671 |      117.779683133 |                      0.0 |  6.36949174591e+51 |        2.91301496986e+50 |
|  97020E |  9.27910186302 |   0.380831495811 |      747.486570183 |                      0.0 |  2.21686074415e+53 |        9.60952594115e+51 |
|  97021C |  1.41202397894 |  0.0261533232225 |      225.878014854 |                      0.0 |  1.00225114684e+52 |        1.27147458542e+50 |
|  97022B |  3.73004692737 |   0.261030203444 |      222.709633039 |                      0.0 |  2.16823487535e+52 |        1.39996603671e+51 |
|  97030A |  1.56802552336 |    0.03909166446 |       180.46723164 |                      0.0 |  8.29905431996e+51 |        1.47808461137e+50 |
|  97031G |   4.0610502043 |   0.185998981402 |      374.957406902 |                      0.0 |  4.31595305995e+52 |        1.85580565972e+51 |
|  97031E |  5.78206724237 |  0.0488783390389 |      2635.21783389 |                      0.0 |  5.95227729218e+53 |        5.01907129579e+51 |
|   97032 |  1.68602669157 |  0.0483991723156 |      233.537716635 |                      0.0 |  1.18255198015e+52 |         2.4930656337e+50 |
|   97032 |  3.70604668977 |  0.0660319568955 |      784.934122941 |                      0.0 |   9.4109626754e+52 |        1.54496216793e+51 |
|   97040 |  2.58103555216 |  0.0794861386786 |      267.854999681 |                      0.0 |  1.94326843697e+52 |        5.04662954608e+50 |
|   97040 |  2.80603777968 |   0.186830858035 |      192.074617357 |                      0.0 |  1.41403316563e+52 |        8.12121430616e+50 |
|   97041 |  1.70002683017 |  0.0739555529578 |      107.862354174 |                      0.0 |  4.81880161726e+51 |        1.54428558647e+50 |
|   97041 |  1.86302844388 |  0.0750676949214 |      136.433585665 |                      0.0 |  6.78926862296e+51 |        2.08274582034e+50 |
|   97043 |  2.30803284943 |   0.073295131838 |       217.75702828 |                      0.0 |  1.38972240097e+52 |        3.60262647754e+50 |
|  97051E |  4.69305646116 |    0.10479234126 |      667.424981489 |                      0.0 |  9.72727247062e+52 |        2.09488889838e+51 |
|  97052G |   3.9980495806 |   0.115512656864 |      650.370067959 |                      0.0 |   8.1025271512e+52 |         2.1909646462e+51 |
|   97061 |  1.12602114751 |  0.0114469910774 |       242.61645725 |                      0.0 |  9.39978382706e+51 |        5.92144216521e+49 |
|   97061 |  2.50003475025 |  0.0557773816563 |      335.168117054 |                      0.0 |    2.459052727e+52 |        4.58500137105e+50 |
|   97061 |  3.78404746197 |   0.105082426364 |      490.482088382 |                      0.0 |   5.5340385767e+52 |        1.42220649115e+51 |
|  97062H |  5.59606540095 |   0.768173852825 |      173.234071265 |                      0.0 |  2.38445593926e+52 |        3.24900014701e+51 |
|  97062D |  4.90305854019 |   0.267572667552 |      369.915470876 |                      0.0 |  5.08714563261e+52 |        2.69789280915e+51 |
|  97070G | 0.145011435514 | 0.00055700699028 |      28.7760546516 |                      0.0 |  3.76683620993e+50 |        2.14394391275e+47 |
|  97070D |  2.85703828458 |  0.0832985610376 |      366.144492305 |                      0.0 |   3.0541657126e+52 |        7.71724003247e+50 |
|  97070A |  2.20603183962 |  0.0405393635723 |      397.816637274 |                      0.0 |  2.71157819159e+52 |        4.01159507469e+50 |
|  97071C |  1.41802403834 |  0.0207911912842 |      236.484817497 |                      0.0 |  1.06071512649e+52 |        1.06709573477e+50 |
|  97081B | 0.876018672487 |  0.0722920196933 |      29.7780545548 |                      0.0 |  6.97387832005e+50 |        3.14422364131e+49 |
|   97082 |  1.22602213752 |  0.0181024463494 |      223.115486896 |                      0.0 |  8.99998376116e+51 |        8.56318600388e+49 |
|   97082 |  15.4411628674 |   0.850921176665 |      1206.87023913 |                      0.0 |  6.72670308557e+53 |        4.07328615163e+52 |
|   97082 |  1.88802869139 |  0.0749564217054 |      141.015369543 |                      0.0 |   7.1312452968e+51 |        2.16550195181e+50 |
|   97090 |  8.18009098281 |   0.658272628686 |      433.230916189 |                      0.0 |  1.02603450733e+53 |        8.60808686127e+51 |
|   97090 |   2.0590303843 |   0.157958322946 |      86.1587335749 |                      0.0 |  4.28653439842e+51 |        2.58970859627e+50 |
|   97090 | 0.970019603096 |  0.0153907964015 |      120.933087861 |                      0.0 |  3.81206262025e+51 |        3.48446762115e+49 |
|   97090 |  2.45103426514 |  0.0754196493448 |      256.923823702 |                      0.0 |  1.77266283931e+52 |        4.53259838608e+50 |
|   97091 |  5.98206922239 |   0.266797482949 |      537.887770091 |                      0.0 |  9.59487554766e+52 |        4.28965915351e+51 |
|   97091 |  3.42004385834 |  0.0733184232388 |      516.418589486 |                      0.0 |  5.35755558632e+52 |        1.03977431558e+51 |
|   97091 |  1.47702462245 |  0.0303741947385 |      195.167987891 |                      0.0 |  8.71821545339e+51 |        1.25080010395e+50 |
|  97092C |   7.0280795779 |   0.289517454174 |      648.121662122 |                      0.0 |  1.40510343163e+53 |        5.92866947046e+51 |
|  97101A |  2.94403914589 |   0.174071911817 |      188.614584697 |                      0.0 |  1.44354755114e+52 |        7.45425831478e+50 |
|   97102 |  2.72903701737 |   0.186527099323 |      136.112950476 |                      0.0 |  9.22670092333e+51 |         5.3997984179e+50 |
|   97102 |  1.31302299883 |  0.0714852203228 |      59.0415587109 |                      0.0 |  1.98488803113e+51 |        7.17725181302e+49 |
|   97102 |  8.13509053731 |   0.316932260735 |      815.070018882 |                      0.0 |  2.13672891761e+53 |        8.67339013989e+51 |
|  97110B |  3.09504064081 |    0.15923607915 |      240.210318932 |                      0.0 |  2.00062972342e+52 |        9.10197918137e+50 |
|  97110A |  2.61703590856 |  0.0875044796423 |      237.495470237 |                      0.0 |  1.70744866323e+52 |        4.83293531958e+50 |
|  97111B |  2.15003128521 |  0.0525460512098 |      316.813375702 |                      0.0 |  2.03538425841e+52 |         3.9724413212e+50 |
|   97120 |  2.22203199802 |   0.011544833707 |      1690.98548306 |                      0.0 |  1.48230176577e+53 |        6.21412979696e+50 |
|  97121C |  1.58302567186 | 0.00823139846909 |      953.971490472 |                      0.0 |  5.86174343307e+52 |        2.18553401706e+50 |
|  97122I |  10.0781097732 |   0.539005237171 |      805.796770743 |                      0.0 |  2.64207876683e+53 |        1.50403846518e+52 |
|  97122G |  3.95404914499 |   0.165691948263 |      367.751580442 |                      0.0 |  4.11527056221e+52 |        1.61036880587e+51 |
|  97122F |  5.32906275763 |   0.293183885856 |      486.176420516 |                      0.0 |   7.5994683993e+52 |        4.11879113931e+51 |
|  97122B |  6.11807056881 |   0.516231731874 |      285.344472281 |                      0.0 |  4.67368463501e+52 |        3.96577136928e+51 |
|  98010D |  3.75304715507 |   0.120146380808 |      423.832222218 |                      0.0 |  4.62958436269e+52 |        1.36919856164e+51 |
|  98011D |  6.47807413284 |   0.159816961302 |       954.33412197 |                      0.0 |  2.03351046309e+53 |        5.08470048492e+51 |
|  98011B |  12.7781365035 |   0.553043896401 |      1217.94174885 |                      0.0 |  5.52954973455e+53 |        2.59683736173e+52 |
|  98011A |  4.13705095671 |   0.150181474371 |      418.363481806 |                      0.0 |  4.99282953558e+52 |        1.70779245424e+51 |
|  98020G |   3.9980495806 |   0.150854644205 |      390.135582415 |                      0.0 |   4.4553569126e+52 |        1.57335413963e+51 |
|  98020D |  10.1141101296 |    0.10113223559 |      3529.21935448 |                      0.0 |   1.4931648261e+54 |        1.58967565906e+52 |
|  98021B |  1.21202199892 |  0.0148075501644 |      222.017880756 |                      0.0 |  8.87446088654e+51 |         6.9505890558e+49 |
|   98031 |  1.51102495905 |   0.117903545478 |      65.8363159068 |                      0.0 |  2.48412219544e+51 |         1.3646920212e+50 |
|   98031 |  1.16302151382 | 0.00721999708935 |      483.401216722 |                      0.0 |  2.14777010797e+52 |        8.38783423095e+49 |
|   98031 |  2.64503618576 |  0.0867174125672 |      286.578185226 |                      0.0 |   2.1474188991e+52 |        5.97732816167e+50 |
|   98031 |  3.84504806588 |   0.308925037413 |      201.317847383 |                      0.0 |  1.98143532932e+52 |        1.47815774096e+51 |
|   98032 |  6.16407102421 |   0.106145774411 |       1330.4404632 |                      0.0 |  2.85229564799e+53 |         4.9445096423e+51 |
|  98033C |  2.24803225542 |  0.0119850784573 |      1411.59483593 |                      0.0 |  1.21204786728e+53 |        5.23270415437e+50 |
|  98033B |  4.81705768878 |  0.0749454069796 |      1168.86025368 |                      0.0 |  1.92109856055e+53 |        2.89585731775e+51 |
|   98040 | 0.737017296373 |  0.0106242558409 |      95.5648657451 |                      0.0 |  2.49231678589e+51 |        1.78354257804e+49 |
|   98040 |  4.67905632256 |    0.44604688364 |      216.815572305 |                      0.0 |  2.60274146831e+52 |         2.3917799829e+51 |
|  98041D |  12.1971307515 |     0.2570676502 |      2071.27241072 |                      0.0 |  9.78521708062e+53 |        2.23009947124e+52 |
|  98041A |   2.0380301764 |  0.0642029774739 |      187.513735714 |                      0.0 |  1.05645682358e+52 |        2.61216556645e+50 |
|   98042 |  1.65302636486 |  0.0264265768504 |      275.705995901 |                      0.0 |  1.41438940432e+52 |        1.64836809835e+50 |
|   98042 |  7.29708224102 |   0.224129082484 |      1010.63959536 |                      0.0 |  2.45575176965e+53 |        7.76145503557e+51 |
|   98042 |  8.78609698227 |   0.144914165215 |      1784.56831364 |                      0.0 |  5.79382400267e+53 |        1.00381223405e+52 |
|  98043A |  3.55504519485 |  0.0463377606166 |      927.032625881 |                      0.0 |  1.10036874466e+53 |        1.30968381036e+51 |
|  98050D |  7.91508835928 |   0.294805628576 |      819.169391688 |                      0.0 |  2.08883722985e+53 |        8.08166008943e+51 |
|  98052D | 0.654016474665 | 0.00691996727871 |      109.049548932 |                      0.0 |  2.74996180604e+51 |         1.3460981694e+49 |
|  98052C |  6.92807858789 |   0.217240941793 |      1039.72912341 |                      0.0 |  2.40664151454e+53 |        7.71562294895e+51 |
|  98052A |   3.9990495905 |   0.103988061443 |      610.976678317 |                      0.0 |  7.53267626827e+52 |         1.8332901374e+51 |
|  98053B |  1.48702472145 |  0.0454482232484 |      146.336144193 |                      0.0 |  6.24861636545e+51 |        1.33600022417e+50 |
|  98062H |  2.78603758168 |   0.103641049205 |      292.419285224 |                      0.0 |   2.2975760695e+52 |        7.35872614889e+50 |
|  98062G |  2.94203912609 |   0.112764539408 |      275.448176181 |                      0.0 |  2.24668380811e+52 |        7.51933505361e+50 |
|  98071G |  1.78302765188 |  0.0384059090925 |      264.395858862 |                      0.0 |    1.424236186e+52 |        2.29957937985e+50 |
|  98071B |   4.0250498479 |  0.0848612273303 |      1049.93345754 |                      0.0 |  1.42811209914e+53 |        2.82174064985e+51 |
|  98082E |   2.0670304635 |  0.0489191433944 |      395.123431311 |                      0.0 |  2.55323810374e+52 |        4.76472601794e+50 |
|  98090C |  3.18204150212 |   0.130945710199 |      279.071174519 |                      0.0 |  2.44460777541e+52 |        8.95566804735e+50 |
|  98090B |  2.38703363154 |  0.0468497017957 |      391.495498825 |                      0.0 |   2.8373257926e+52 |        4.59179393053e+50 |
|  98091F |  2.35603332463 |   0.110333560785 |      267.970803321 |                      0.0 |  1.80123404215e+52 |        6.92847058866e+50 |
|  98091B |  1.84802829538 |  0.0548884573454 |      168.421619659 |                      0.0 |  8.63479869526e+51 |         1.9470396883e+50 |
|  98092H |  8.44709362614 |   0.166766384338 |      1573.68916207 |                      0.0 |  4.79832806505e+53 |        9.91028383026e+51 |
|  98092A |  4.55305507515 |   0.032033828587 |      2245.09072202 |                      0.0 |  3.90595377829e+53 |        2.63626963838e+51 |
|  98100C | 0.722017147871 | 0.00483641495937 |       191.74946643 |                      0.0 |  5.57833712919e+51 |        1.83306009542e+49 |
|  98100A |  5.47006415354 |   0.189510467558 |      627.334022276 |                      0.0 |  1.05056999832e+53 |        3.60027332073e+51 |
|  98102B |  2.31003286923 |  0.0438727462533 |      344.282700029 |                      0.0 |  2.37638494213e+52 |        3.68523483276e+50 |
|  98112G |  3.28704254163 |   0.121406149469 |      312.385106302 |                      0.0 |  2.87066354736e+52 |        9.51154459175e+50 |
|  98122D | 0.423014187742 |  0.0019842514818 |      128.665798517 |                      0.0 |  2.79473183265e+51 |        4.55946080418e+48 |
|  98122C |  2.71803690847 |  0.0572582621091 |      434.779405323 |                      0.0 |  3.57926326481e+52 |        6.44917215958e+50 |
|  98122A |  6.60107535055 |   0.163812599844 |      1145.67936027 |                      0.0 |  2.56630248434e+53 |        6.47091911597e+51 |
|  98123B |  2.29803275043 |  0.0466833472119 |      322.140004141 |                      0.0 |  2.18932267368e+52 |        3.62579011107e+50 |
|  99010H |  4.35305309513 |   0.117362060524 |      659.075068868 |                      0.0 |  8.91741418451e+52 |        2.28744665714e+51 |
|  99010F |  2.79003762128 |  0.0734535184833 |      347.168285564 |                      0.0 |  2.81277752947e+52 |         6.3780853772e+50 |
|   99012 | 0.945019355594 |  0.0348663173577 |      59.7715969828 |                      0.0 |  1.64469900296e+51 |        3.44948644133e+49 |
|   99012 | 0.887018781388 |  0.0106520206322 |      153.988172544 |                      0.0 |  4.80835786745e+51 |        3.17569233693e+49 |
|   99012 |  1.78602768158 |   0.102912718685 |      93.5277326581 |                      0.0 |  4.23122269001e+51 |        1.82867012027e+50 |
|   99012 |  3.58004544235 |    0.35639350629 |      134.920707928 |                      0.0 |  1.16138913114e+52 |        1.05736179541e+51 |
|   99020 |  6.43907374674 |    0.10446322463 |      1604.15416651 |                      0.0 |  3.71071040121e+53 |        6.09659698543e+51 |
|   99020 |  2.48803463145 |   0.061910549524 |      340.975103628 |                      0.0 |  2.49938172267e+52 |        5.19041785294e+50 |
|   99020 |  5.32706273783 |  0.0636419870525 |        1607.241401 |                      0.0 |  3.07674038356e+53 |        3.62091478035e+51 |
|   99020 |  1.89702878049 |   0.018696863483 |      656.910519959 |                      0.0 |  4.32977547513e+52 |        3.26939342727e+50 |
|   99022 |  4.29405251103 |  0.0735443941725 |      934.455613528 |                      0.0 |   1.3243539542e+53 |        2.15254016774e+51 |
|   99030 |  2.29303270093 |   0.107257758843 |      224.310108029 |                      0.0 |  1.43154536008e+52 |        5.45536295294e+50 |
|   99030 |  6.26207199442 |   0.133388280591 |      1137.99843573 |                      0.0 |  2.41437929619e+53 |        5.18857960668e+51 |
|   99030 |  1.80802789938 |  0.0433564965285 |      239.589364364 |                      0.0 |  1.28330183438e+52 |        2.31828827989e+50 |
|   99030 |  3.80904770948 |   0.265978497796 |      226.057307047 |                      0.0 |  2.24911281529e+52 |        1.45540728731e+51 |
|  99031E |  2.15503133471 |  0.0249012947198 |      535.391136682 |                      0.0 |   3.7666306852e+52 |        3.47822084428e+50 |
|  99033B |  4.13805096661 |   0.190333995956 |      313.344308146 |                      0.0 |  3.56060755514e+52 |        1.54322030286e+51 |
|  99040C |  19.8732067447 |   0.273600632347 |      4021.69458319 |                      0.0 |  3.63686656607e+54 |        5.57752019208e+52 |
|   99042 |  1.62502608766 |   0.077931869696 |      91.5229444175 |                      0.0 |  3.84657699179e+51 |        1.33610861173e+50 |
|  99050G |  5.49506440104 |  0.0936055489056 |      1332.43195544 |                      0.0 |  2.54759074321e+53 |        4.29569715958e+51 |
|  99050A |   4.0370499667 |   0.159805868465 |      358.118192618 |                      0.0 |  4.06778145512e+52 |        1.50994086296e+51 |
|  99052C |  3.87804839258 |   0.319528708158 |      180.172780956 |                      0.0 |  1.75438654719e+52 |         1.3445437225e+51 |
|  99060D |  1.77802760238 |  0.0732299949739 |      122.446160699 |                      0.0 |  5.77739199083e+51 |        1.78184591011e+50 |
|   99061 |  6.40607342003 |   0.140031231659 |      1087.50664928 |                      0.0 |  2.34250115023e+53 |        5.18206158747e+51 |
|   99070 |  1.81402795878 |  0.0528827118945 |      207.172683617 |                      0.0 |  1.08541698441e+52 |        2.38653487384e+50 |
|  99072G | 0.269012663127 | 0.00238189182652 |      28.5882282329 |                      0.0 |  4.19788211796e+50 |        9.21875299854e+47 |
|  99081F |  9.57410478355 |    0.17208642464 |      1882.94748246 |                      0.0 |   6.7545154178e+53 |        1.28612464667e+52 |
|  99081C |   1.9710295131 |  0.0601572693376 |      202.495877698 |                      0.0 |  1.12609016658e+52 |        2.66771958024e+50 |
|  99082E |  2.08703066151 |  0.0559107778378 |      226.419161209 |                      0.0 |  1.34183512277e+52 |         2.8434107981e+50 |
|  99090C |  1.65002633516 |  0.0667834220986 |      112.096625338 |                      0.0 |  4.92932028932e+51 |        1.45342082685e+50 |
|   99100 |  2.33203308703 |  0.0214021532897 |      755.696334512 |                      0.0 |  6.00950045539e+52 |        4.51619202151e+50 |
|   99100 |   3.0120398191 |  0.0521303009611 |      613.586388377 |                      0.0 |  5.85152380465e+52 |        8.89569400112e+50 |
|   99100 |  3.79204754118 |  0.0272359675883 |      1891.73193982 |                      0.0 |   2.6900938213e+53 |        1.78885434194e+51 |
|   99101 |    8.058089775 |   0.478149860525 |      574.207548122 |                      0.0 |  1.40439685465e+53 |         8.6736745486e+51 |
|  99102H | 0.590015841058 |  0.0101156823244 |      51.9947233781 |                      0.0 |  1.10545731599e+51 |        8.22851700547e+48 |
|  99102A | 0.771017632976 |  0.0331787393794 |       35.415103951 |                      0.0 |   7.9877057382e+50 |        1.75083377111e+49 |
|  99121E |  2.73803710647 |  0.0492662841127 |      488.037905831 |                      0.0 |  4.12104025398e+52 |        6.35475654803e+50 |
|  99121A |  1.23902226622 |  0.0180253217458 |      214.386679079 |                      0.0 |  8.64909709694e+51 |        8.14669106209e+49 |
|  99122C |  2.77503747277 |   0.088431689423 |      288.076452242 |                      0.0 |  2.25017804533e+52 |         6.1672194133e+50 |
