| Swift name | Swift ID | BAT Trigger-time | BAT RA | BAT Dec | BAT Error-radius | BAT T90 | redshift | BAT Phoflux | BAT Phoflux_error | BAT fluence | BAT fluence_error |
|    171020A |   171020 |           23.119 |  2.617 |  15.199 |              1.4 |    41.9 |     1.87 |         0.7 |               0.2 |        12.0 |               0.8 |
|    170903A |   170903 |           12.819 | 16.969 |  34.985 |              1.0 |    29.2 |    0.886 |         3.9 |               0.4 |        24.0 |               1.5 |
|    170705A |   170705 |            2.763 | 12.781 |  18.298 |              0.8 |   217.3 |     2.01 |        13.9 |               0.3 |        95.0 |               2.3 |
|    170604A |   170604 |           19.147 | 22.843 | -15.406 |              1.1 |    26.7 |    1.329 |         4.2 |               0.7 |        51.0 |               3.0 |
|    170531B |   170531 |           22.036 | 19.127 | -16.414 |              1.1 |  164.13 |    2.366 |         0.8 |               0.2 |        20.0 |               1.5 |
|    170519A |   170519 |            5.167 | 10.895 |  25.374 |              1.1 |   216.4 |    0.818 |         0.7 |               0.1 |        11.0 |               1.5 |
|    170202A |   170202 |           18.467 | 10.168 |   5.021 |              0.8 |    46.2 |    3.645 |         4.7 |               0.2 |        33.0 |               0.8 |
|    170113A |   170113 |           10.068 |  4.116 | -71.933 |              1.0 |   20.66 |    1.968 |         1.1 |               0.1 |         6.7 |               0.5 |
|    161219B |   161219 |           18.811 |  6.114 | -26.801 |              0.8 |    6.94 |    0.147 |         5.3 |               0.3 |        15.0 |               0.8 |
|    161129A |   161129 |            7.194 | 21.081 |  32.137 |              1.4 |   35.53 |    0.645 |         3.4 |               0.2 |        36.0 |               0.8 |
|    161117A |   161117 |            1.593 |  21.47 | -29.612 |              0.8 |   125.7 |    1.549 |         6.8 |               0.2 |       200.0 |               0.0 |
|    161108A |   161108 |            3.542 | 12.052 |  24.905 |              1.4 |   105.1 |    1.159 |         0.6 |               0.1 |        11.0 |               0.8 |
|    161017A |   161017 |           17.864 |  9.518 |  43.125 |              0.8 |   216.3 |    2.012 |         2.8 |               0.2 |        53.0 |               1.5 |
|    161014A |   161014 |           12.523 | 22.175 |   7.467 |              1.1 |    18.3 |    2.823 |         2.9 |               0.5 |        19.0 |               1.5 |
|    160804A |   160804 |            1.546 | 14.777 |  10.002 |              1.0 |   144.2 |    0.736 |         2.9 |               0.2 |       114.0 |               2.3 |
|    160425A |   160425 |           23.436 | 18.689 | -54.343 |              2.6 |  304.58 |    0.555 |         2.8 |               0.2 |        21.0 |               1.5 |
|    160410A |   160410 |            5.163 | 10.046 |   3.461 |              1.1 |     8.2 |    1.717 |         3.5 |               0.2 |         7.8 |               0.6 |
|    160327A |   160327 |            9.269 |   9.78 |  54.018 |              0.8 |    28.0 |     4.99 |         1.8 |               0.2 |        14.0 |               0.8 |
|    160314A |   160314 |           11.548 |  7.518 |  17.024 |              1.3 |    8.73 |    0.726 |         0.9 |               0.2 |         2.8 |               0.3 |
|    160227A |   160227 |           19.536 | 13.002 |  78.672 |              2.1 |   316.5 |     2.38 |         0.6 |               0.1 |        31.0 |               1.5 |
|    160203A |   160203 |            2.219 | 10.798 | -24.772 |              1.3 |    20.2 |     3.52 |         1.3 |               0.3 |        12.0 |               0.8 |
|    160131A |   160131 |            8.342 |  5.211 |  -7.037 |              0.8 |   325.0 |     0.97 |         6.4 |               0.2 |       204.0 |               3.8 |
|    160121A |   160121 |           13.844 |  7.272 |  -23.59 |              0.9 |    12.0 |     1.96 |         1.2 |               0.2 |         6.1 |               0.4 |
|    151215A |   151215 |            3.024 |  6.241 |  35.529 |              2.1 |    17.8 |     2.59 |         1.6 |               0.2 |         3.1 |               0.5 |
|    151112A |   151112 |           13.747 |  0.137 |  -61.68 |              2.0 |   19.32 |      4.1 |         1.9 |               0.2 |         9.4 |               0.9 |
|    151111A |   151111 |            8.556 |   3.79 | -44.154 |              0.8 |   76.93 |      3.5 |         1.0 |               0.1 |        17.0 |               0.8 |
|    151031A |   151031 |            5.842 |  5.546 | -39.125 |              1.0 |     5.0 |    1.167 |         1.7 |               0.2 |         3.2 |               0.2 |
|    151029A |   151029 |            7.828 |  2.569 | -35.356 |              1.4 |    8.95 |    1.423 |         1.8 |               0.2 |         3.9 |               0.5 |
|    151021A |   151021 |            1.487 |  22.51 | -33.189 |              0.8 |   110.2 |     2.33 |         9.7 |               0.6 |       280.0 |               7.6 |
|    150915A |   150915 |           21.307 | 21.312 | -34.874 |              1.7 |   164.7 |    1.968 |         0.5 |               0.2 |         8.0 |               1.4 |
|    150910A |   150910 |             9.08 |  0.378 |  33.466 |              1.7 |   112.2 |    1.359 |         1.1 |               0.3 |        48.0 |               3.0 |
|    150818A |   150818 |           11.609 | 15.356 |  68.342 |              0.8 |   123.3 |    0.282 |         2.4 |               0.2 |        41.0 |               1.5 |
|    150727A |   150727 |           19.034 | 13.598 |  -18.32 |              0.8 |    88.0 |    0.313 |         1.0 |               0.2 |        37.0 |               1.5 |
|    150423A |   150423 |            6.468 | 14.773 |  12.264 |              1.4 |    0.22 |    1.394 |         0.9 |               0.1 |        0.63 |               0.1 |
|    150413A |   150413 |           13.916 | 12.693 |  71.839 |              1.4 |   263.6 |      3.2 |         1.6 |               0.2 |        43.0 |               3.0 |
|    150403A |   150403 |           21.904 | 20.767 | -62.706 |              0.8 |    40.9 |     2.06 |        17.6 |              -0.5 |       170.0 |               2.3 |
|    150323A |   150323 |            2.821 |  8.545 |  45.442 |              1.6 |   149.6 |    0.593 |         5.4 |               0.2 |        61.0 |               1.5 |
|    150314A |   150314 |            4.921 |  8.444 |  63.839 |              0.8 |   14.79 |    1.758 |        38.5 |               0.7 |       220.0 |               2.3 |
|    150301B |   150301 |           19.634 |  5.944 | -57.969 |              0.8 |   12.44 |    1.516 |         3.0 |               0.2 |        18.0 |               0.8 |
|    150206A |   150206 |           14.501 |  0.672 | -63.181 |              0.8 |    83.2 |    2.087 |        10.1 |               0.3 |       139.0 |               2.3 |
|    150120A |   150120 |            2.963 |  0.689 |   33.98 |              1.1 |     1.2 |     0.46 |         1.8 |               0.2 |         1.4 |               0.2 |
|    141225A |   141225 |           23.019 |   9.25 |  33.774 |              1.7 |   40.24 |    0.915 |         1.3 |               0.3 |        25.0 |               1.5 |
|    141221A |   141221 |            8.119 | 13.219 |   8.197 |              0.8 |    36.9 |    1.452 |         3.1 |               0.2 |        21.0 |               0.8 |
|    141220A |   141220 |            6.048 | 13.004 |  32.146 |              0.9 |    7.21 |    1.319 |         8.9 |               0.5 |        26.0 |               0.8 |
|    141212A |   141212 |           12.234 |  2.611 |  18.163 |              1.4 |     0.3 |    0.596 |         1.2 |               0.2 |        0.72 |               0.1 |
|    141121A |   141121 |            3.845 |  8.178 |  22.206 |              1.6 |   549.9 |     1.47 |         0.9 |               0.2 |        53.0 |               3.0 |
|    141109A |   141109 |            5.832 |  9.638 |  -0.581 |              2.3 |   200.0 |    2.993 |         2.5 |               0.2 |        68.0 |               2.3 |
|    141026A |   141026 |            2.614 |  2.937 |  26.925 |              1.4 |   146.0 |     3.35 |         0.4 |               0.2 |        13.0 |               0.8 |
|    141004A |   141004 |           23.348 |  5.115 |  12.828 |              0.8 |    3.92 |     0.57 |         6.1 |               0.2 |         6.7 |               0.2 |
|    140907A |   140907 |           16.119 |  3.209 |  46.596 |              1.1 |    79.2 |     1.21 |         2.5 |               0.2 |        43.0 |               1.5 |
|    140903A |   140903 |           15.008 | 15.868 |  27.608 |              0.8 |     0.3 |    0.351 |         2.5 |               0.2 |         1.4 |               0.1 |
|    140710A |   140710 |           10.278 |  2.739 |  35.499 |              1.4 |    3.52 |    0.558 |         1.9 |               0.2 |         2.3 |               0.2 |
|    140703A |   140703 |            0.621 |  0.867 |  45.102 |              1.2 |    67.1 |     3.14 |         2.8 |               0.5 |        39.0 |               2.3 |
|    140629A |   140629 |           14.292 | 16.601 |  41.897 |              1.4 |    42.0 |    2.275 |         4.2 |               0.3 |        24.0 |               1.5 |
|    140622A |   140622 |            9.601 | 21.144 | -14.412 |              1.9 |    0.13 |    0.959 |         0.6 |               0.2 |        0.27 |               0.0 |
|    140518A |   140518 |            9.296 | 15.149 |  42.396 |              1.4 |    60.5 |    4.707 |         1.0 |               0.1 |        10.0 |               0.8 |
|    140515A |   140515 |             9.21 | 12.405 |  15.099 |              0.9 |    23.4 |     6.32 |         0.9 |               0.1 |         5.9 |               0.5 |
|    140512A |   140512 |            19.53 | 19.291 | -15.087 |              0.8 |   154.8 |    0.725 |         6.8 |               0.2 |       140.0 |               2.3 |
|    140506A |   140506 |           21.127 | 18.454 | -55.556 |              1.2 |   111.1 |    0.889 |        10.9 |               0.7 |        28.0 |               2.3 |
|    140430A |   140430 |            20.56 |  6.863 |  23.033 |              0.8 |   173.6 |      1.6 |         2.5 |               0.2 |        11.0 |               1.5 |
|    140428A |   140428 |           22.681 | 12.958 |  28.331 |              1.7 |   17.42 |      4.7 |         0.6 |               0.2 |         3.4 |               0.5 |
|    140423A |   140423 |            8.531 | 13.152 |  49.838 |              0.8 |   134.0 |     3.26 |         2.1 |               0.2 |        94.0 |               2.3 |
|    140419A |   140419 |            4.114 |  8.467 |  46.234 |              0.8 |    94.7 |    3.956 |         4.9 |               0.2 |       160.0 |               0.0 |
|    140318A |   140318 |            0.152 |  12.27 |  20.225 |              1.6 |    8.43 |     1.02 |         0.5 |               0.2 |         2.9 |               0.4 |
|    140311A |   140311 |           21.088 | 13.953 |   0.607 |              2.9 |    71.4 |     4.95 |         1.3 |               0.4 |        23.0 |               2.3 |
|    140304A |   140304 |           13.375 |  2.044 |   33.48 |              0.8 |    15.6 |    5.283 |         1.7 |               0.2 |        12.0 |               0.8 |
|    140301A |   140301 |           15.414 |  4.635 | -34.249 |              1.4 |    31.0 |    1.416 |         0.7 |               0.2 |         4.4 |               0.6 |
|    140213A |   140213 |            19.36 |  7.011 | -73.136 |              0.8 |    60.0 |    1.207 |        23.5 |               0.6 |       120.0 |               0.0 |
|    140206A |   140206 |            7.289 |  9.688 |  66.762 |              0.8 |    93.6 |     2.73 |        19.4 |               0.4 |       160.0 |               2.3 |
|    140114A |   140114 |           11.961 | 12.567 |  27.942 |              1.4 |   139.7 |      3.0 |         0.9 |               0.1 |        32.0 |               0.8 |
|    131227A |   131227 |            4.748 |  4.491 |  28.879 |              1.0 |    18.0 |      5.3 |         1.1 |               0.2 |         8.4 |               0.5 |
|    131117A |   131117 |            0.568 | 22.157 | -31.761 |              1.4 |    11.0 |     4.18 |         0.7 |               0.1 |         2.5 |               0.3 |
|    131105A |   131105 |            2.079 |  4.732 | -63.005 |              1.1 |   112.3 |    1.686 |         3.5 |               0.5 |        71.0 |               3.8 |
|    131103A |   131103 |           22.124 | 23.263 | -44.645 |              1.4 |    17.3 |    0.599 |         1.5 |               0.2 |         8.2 |               0.8 |
|    131030A |   131030 |           20.938 | 23.005 |   -5.38 |              0.8 |    41.1 |    1.293 |        28.1 |               0.5 |       290.0 |               0.0 |
|    131004A |   131004 |           21.684 | 19.741 |  -2.952 |              0.8 |    1.54 |    0.717 |         3.4 |               0.2 |         2.8 |               0.2 |
|    130831A |   130831 |           13.071 | 23.909 |  29.431 |              0.8 |    32.5 |    0.479 |        13.6 |               0.5 |        65.0 |               0.2 |
|    130701A |   130701 |            4.295 | 23.815 |    36.1 |              0.8 |    4.38 |    1.155 |        17.1 |               0.5 |        44.0 |               0.8 |
|    130612A |   130612 |            3.373 | 17.318 |  16.729 |              1.5 |     4.0 |    2.006 |         1.7 |               0.2 |         2.3 |               0.4 |
|    130610A |   130610 |            3.204 | 14.961 |  28.187 |              1.8 |    46.4 |    2.092 |         1.7 |               0.2 |        25.0 |               0.8 |
|    130606A |   130606 |           21.078 | 16.626 |  29.796 |              1.5 |  276.58 |     5.91 |         2.6 |               0.2 |        29.0 |               1.5 |
|    130604A |   130604 |            6.907 | 16.678 |  68.225 |              0.8 |    37.7 |     1.06 |         0.8 |               0.2 |        14.0 |               0.8 |
|    130603B |   130603 |           15.821 | 11.481 |  17.063 |              0.8 |    0.18 |    0.356 |         6.4 |               0.2 |         6.3 |               0.2 |
|    130514A |   130514 |            7.228 | 19.752 |  -7.974 |              0.8 |   204.0 |      3.6 |         2.8 |               0.2 |        91.0 |               1.5 |
|    130511A |   130511 |           11.513 |  13.11 |  18.709 |              1.7 |    5.43 |    1.303 |         1.3 |               0.2 |         2.2 |               0.3 |
|    130505A |   130505 |            8.374 |  9.137 |  17.485 |              1.1 |    88.0 |     2.27 |        30.0 |               2.3 |       210.0 |               7.6 |
|    130427B |   130427 |           13.345 | 20.993 | -22.548 |              1.1 |    27.0 |     2.78 |         3.0 |               0.3 |        15.0 |               0.8 |
|    130427A |   130427 |            7.799 | 11.543 |  27.706 |              0.8 |  162.83 |     0.34 |       331.0 |               3.5 |      3100.0 |              22.7 |
|    130420A |   130420 |            7.475 | 13.075 |  59.421 |              0.8 |   123.5 |    1.297 |         3.4 |               0.2 |        71.0 |               2.3 |
|    130408A |   130408 |           21.861 |   8.96 | -32.363 |              1.7 |    28.0 |    3.758 |         4.9 |               0.8 |        23.0 |               3.0 |
|    130215A |   130215 |            1.525 |  2.899 |  13.387 |              1.1 |    65.7 |    0.597 |         2.5 |               0.5 |        54.0 |               3.8 |
|    130131B |   130131 |           19.169 | 11.597 |  15.033 |              1.3 |     4.3 |    2.539 |         1.0 |               0.2 |         3.4 |               0.3 |
|    121211A |   121211 |           13.784 | 13.038 |  30.173 |              3.7 |   182.0 |    1.023 |         1.0 |               0.2 |        13.0 |               2.0 |
|    121201A |   121201 |           12.428 |  0.898 | -42.929 |              1.7 |    85.0 |    3.385 |         0.8 |               0.1 |         7.8 |               0.8 |
|    121128A |   121128 |            5.094 | 20.039 |  54.301 |              0.8 |    23.3 |      2.2 |        12.9 |               0.3 |        69.0 |               3.0 |
|    121027A |   121027 |            7.541 |   4.24 | -58.839 |              0.8 |    62.6 |    1.773 |         1.3 |               0.2 |        20.0 |               0.8 |
|    121024A |   121024 |            2.937 |  4.699 | -12.255 |              1.3 |    69.0 |    2.298 |         1.3 |               0.2 |        11.0 |               0.8 |
|    120922A |   120922 |           22.508 | 15.651 | -20.181 |              0.9 |   173.0 |      3.1 |         2.0 |               0.2 |        62.0 |               5.3 |
|    120907A |   120907 |            0.406 |  4.982 |  -9.323 |              1.5 |    16.9 |     0.97 |         2.9 |               0.3 |         6.7 |               0.8 |
|    120815A |   120815 |            2.233 | 18.265 | -52.125 |              1.4 |     9.7 |    2.358 |         2.2 |               0.2 |         4.9 |               0.5 |
|    120811C |   120811 |           15.581 | 13.313 |  62.297 |              0.8 |    26.8 |    2.671 |         4.1 |               0.2 |        30.0 |               2.3 |
|    120805A |   120805 |           21.469 | 14.436 |   5.853 |              1.7 |    48.0 |      3.1 |        0.37 |               0.2 |         8.2 |               1.1 |
|    120802A |   120802 |            8.014 |  2.989 |  13.762 |              0.8 |    50.0 |    3.796 |         3.0 |               0.2 |        19.0 |               2.3 |
|    120729A |   120729 |           10.937 |  0.872 |  49.936 |              0.8 |    71.5 |      0.8 |         2.9 |               0.2 |        24.0 |               0.8 |
|    120724A |   120724 |            6.651 | 16.346 |   3.535 |              1.6 |    72.8 |     1.48 |         0.6 |               0.2 |         6.8 |               0.8 |
|    120722A |   120722 |           12.891 | 15.366 |  13.249 |              2.6 |    42.4 |    0.958 |         1.0 |               0.2 |        12.0 |               1.5 |
|    120714B |   120714 |           21.313 | 23.694 | -46.196 |              2.0 |   159.0 |    0.398 |         0.4 |               0.1 |        12.0 |               0.8 |
|    120712A |   120712 |           13.708 | 11.307 | -20.051 |              0.8 |    14.7 |      4.0 |         2.4 |               0.2 |        18.0 |               0.8 |
|    120521C |   120521 |           23.369 | 14.286 |  42.144 |              0.8 |    26.7 |      6.0 |         1.9 |               0.2 |        11.0 |               0.8 |
|    120422A |   120422 |            7.201 |  9.128 |  13.974 |              1.5 |    5.35 |     0.28 |         0.6 |               0.2 |         2.3 |               0.3 |
|    120404A |   120404 |           12.851 | 15.667 |  12.883 |              0.9 |    38.7 |    2.876 |         1.2 |               0.2 |        16.0 |               0.8 |
|    120327A |   120327 |            2.921 | 16.457 | -29.415 |              0.8 |    62.9 |     2.81 |         3.9 |               0.2 |        36.0 |               0.8 |
|    120326A |   120326 |            1.341 |  18.26 |  69.248 |              0.8 |    69.6 |    1.798 |         4.6 |               0.2 |        26.0 |               2.3 |
|    120119A |   120119 |            4.075 |  8.002 |  -9.076 |              0.8 |   253.8 |    1.728 |        10.3 |               0.2 |       170.0 |               0.0 |
|    120118B |   120118 |           17.006 |  8.324 |  -7.178 |              1.0 |   23.26 |    2.943 |         2.2 |               0.2 |        18.0 |               0.8 |
|    111229A |   111229 |           22.631 |  5.104 | -84.687 |              2.0 |    25.4 |     1.38 |         1.0 |               0.2 |         3.4 |               0.5 |
|    111228A |   111228 |           15.745 | 10.004 |  18.284 |              1.1 |   101.2 |    0.714 |        12.4 |               0.4 |        85.0 |               1.5 |
|    111225A |   111225 |            3.844 |  0.877 |  51.573 |              1.0 |   106.8 |    0.297 |         0.7 |               0.1 |        13.0 |               0.9 |
|    111123A |   111123 |           18.222 | 10.323 | -20.639 |              0.8 |   290.0 |    3.151 |         0.9 |               0.1 |        73.0 |               2.3 |
|    111107A |   111107 |             0.84 |  8.632 |  -66.52 |              0.9 |    26.6 |    2.893 |         1.2 |               0.2 |         8.8 |               0.6 |
|    111008A |   111008 |           22.216 |  4.029 | -32.708 |              0.9 |   63.46 |      5.0 |         6.4 |               0.5 |        53.0 |               2.3 |
|    110818A |   110818 |            20.63 | 21.158 | -63.981 |              1.1 |   103.0 |     3.36 |         1.6 |               0.2 |        40.0 |               1.5 |
|    110808A |   110808 |            6.315 |  3.821 | -44.177 |              2.0 |    48.0 |    1.348 |         0.4 |               0.2 |         3.3 |               0.6 |
|    110801A |   110801 |           19.828 |  5.961 |  80.958 |              0.8 |   385.0 |    1.858 |         1.1 |               0.2 |        47.0 |               2.3 |
|    110731A |   110731 |           11.158 | 18.701 | -28.536 |              0.8 |    38.8 |     2.83 |        11.0 |               0.2 |        60.0 |               0.8 |
|    110715A |   110715 |           13.231 | 15.844 | -46.237 |              0.8 |    13.0 |     0.82 |        53.9 |               0.8 |       118.0 |               1.5 |
|    110503A |   110503 |           17.596 |  8.853 |  52.211 |              0.8 |    10.0 |    1.613 |        1.35 |               0.0 |       100.0 |               3.0 |
|    110422A |   110422 |           15.699 |   7.47 |    75.1 |              0.8 |    25.9 |     1.77 |        30.7 |               0.8 |       410.0 |               7.6 |
|    110213A |   110213 |            5.291 |  2.865 |  49.278 |              1.1 |    48.0 |     1.46 |         1.6 |               0.5 |        59.0 |               3.0 |
|    110205A |   110205 |            2.045 | 10.974 |  67.533 |              1.7 |   257.0 |     1.98 |         3.6 |               0.2 |       170.0 |               0.0 |
|    110128A |   110128 |            1.742 | 12.925 |  28.108 |              1.7 |    30.7 |    2.339 |         0.8 |               0.2 |         7.2 |               1.1 |
|    101225A |   101225 |           18.629 |  0.014 | 44.5739 |              2.7 |  1088.0 |    0.847 |         0.0 |               0.0 |        19.0 |               3.0 |
|    101219B |   101219 |           16.465 |  0.817 | -34.556 |              2.9 |    34.0 |    0.551 |         0.6 |               0.2 |        21.0 |               3.0 |
|    101219A |   101219 |            2.525 |  4.972 |  -2.527 |              0.8 |     0.6 |    0.718 |         4.1 |               0.2 |         4.6 |               0.2 |
|    100906A |   100906 |           13.824 |  1.913 |  55.634 |              0.8 |   114.4 |    1.727 |        10.1 |               0.3 |       120.0 |               0.0 |
|    100902A |   100902 |           19.532 |  3.242 |   30.97 |              1.0 |   428.8 |      4.5 |         1.0 |               0.1 |        32.0 |               1.5 |
|    100901A |   100901 |           13.569 |  1.817 |  22.751 |              2.6 |   439.0 |    1.408 |         0.8 |               0.2 |        21.0 |               2.3 |
|    100816A |   100816 |            0.631 | 23.449 |  26.568 |              0.8 |     2.9 |    0.803 |        10.9 |               0.3 |        20.0 |               0.8 |
|    100814A |   100814 |            3.836 |  1.499 |  -17.99 |              0.8 |   174.5 |     1.44 |         2.5 |               0.2 |        90.0 |               1.5 |
|    100728B |   100728 |           10.532 |  2.937 |   0.296 |              1.1 |    12.1 |      2.8 |         3.5 |               0.4 |        17.0 |               0.8 |
|    100728A |   100728 |            2.307 |  5.917 | -15.259 |              0.8 |   198.5 |    1.567 |         5.1 |               0.2 |       380.0 |               0.0 |
|    100724A |   100724 |            0.705 | 12.971 | -11.095 |              1.3 |     1.4 |    1.288 |         1.9 |               0.2 |         1.6 |               0.2 |
|    100704A |   100704 |            3.586 |  8.909 | -24.202 |              0.8 |   197.5 |      3.6 |         4.3 |               0.2 |        60.0 |               1.5 |
|    100621A |   100621 |            3.059 | 21.021 | -51.102 |              0.8 |    63.6 |    0.542 |        12.8 |               0.2 |       210.0 |               0.0 |
|    100615A |   100615 |            1.984 | 11.814 | -19.483 |              0.8 |    39.0 |    1.398 |         5.4 |               0.2 |        50.0 |               0.8 |
|    100513A |   100513 |            2.119 | 11.307 |   3.617 |              1.1 |    84.0 |    4.772 |         0.6 |               0.1 |        14.0 |               0.8 |
|    100425A |   100425 |            2.846 | 19.944 | -26.463 |              1.8 |    37.0 |    1.755 |         1.4 |               0.2 |         4.7 |               0.7 |
|    100424A |   100424 |           16.545 | 13.964 |   1.512 |              1.1 |   104.0 |    2.465 |         0.4 |               0.1 |        15.0 |               0.8 |
|    100418A |   100418 |           21.169 | 17.091 |  11.457 |              1.4 |     7.0 |    0.623 |         1.0 |               0.2 |         3.4 |               0.4 |
|    100413A |   100413 |           17.558 | 17.748 |  15.835 |              1.1 |   191.0 |      3.9 |         0.7 |               0.1 |        62.0 |               1.5 |
|    100316B |   100316 |            8.027 |   10.9 | -45.464 |              1.1 |     3.8 |     1.18 |         1.3 |               0.1 |         2.0 |               0.2 |
|    100302A |   100302 |           19.885 | 13.034 |  74.568 |              1.3 |    17.9 |    4.813 |         0.5 |               0.1 |         3.1 |               0.3 |
|    100219A |   100219 |           15.263 |  10.28 | -12.555 |              1.9 |    18.8 |      4.5 |         0.4 |               0.1 |         3.7 |               0.5 |
|    091208B |    91208 |            9.832 |  1.961 |  16.881 |              0.9 |    14.9 |    1.063 |        15.2 |               0.8 |        33.0 |               1.5 |
|     091127 |    91127 |           23.429 |  2.439 | -18.948 |              0.9 |     7.1 |     0.49 |        46.5 |               2.0 |        90.0 |               2.3 |
|    091109A |    91109 |            4.962 | 20.617 | -44.177 |              1.6 |    48.0 |      3.5 |         1.3 |               0.3 |        16.0 |               1.5 |
|     091029 |    91029 |            3.889 |  4.011 | -55.954 |              0.8 |    39.2 |    2.752 |         1.8 |               0.1 |        24.0 |               0.8 |
|     091024 |    91024 |            8.934 | 22.616 |  56.885 |              0.8 |   109.8 |    1.092 |         2.0 |               0.2 |        61.0 |               2.3 |
|     091020 |    91020 |           21.612 | 11.715 |  50.977 |              0.8 |    34.6 |     1.71 |         4.2 |               0.2 |        37.0 |               0.8 |
|     091018 |    91018 |           20.805 |  2.146 | -57.546 |              0.8 |     4.4 |    0.971 |        10.3 |               0.3 |        14.0 |               0.8 |
|     090927 |    90927 |           10.121 | 22.929 | -70.973 |              1.2 |     2.2 |     1.37 |         2.0 |               0.2 |         2.0 |               0.2 |
|    090926B |    90926 |            21.93 |  3.087 | -38.997 |              0.8 |   109.7 |     1.24 |         3.2 |               0.2 |        73.0 |               1.5 |
|     090812 |    90812 |            6.036 | 23.547 | -10.609 |              0.8 |    66.7 |    2.452 |         3.6 |               0.2 |        58.0 |               1.5 |
|     090809 |    90809 |           17.521 | 21.911 |  -0.083 |              1.5 |     5.4 |    2.737 |         1.1 |               0.2 |         3.4 |               0.4 |
|     090726 |    90726 |           22.708 | 16.579 |  72.866 |              1.3 |    67.0 |     2.71 |         0.7 |               0.2 |         8.6 |               0.8 |
|    090715B |    90715 |           21.054 | 16.756 |  44.837 |              0.8 |   266.0 |      3.0 |         3.8 |               0.2 |        57.0 |               1.5 |
|     090618 |    90618 |            8.475 | 19.601 |  78.352 |              0.3 |   113.2 |     0.54 |        38.9 |               0.6 |      1050.0 |               7.6 |
|     090530 |    90530 |            3.305 |  11.96 |   26.59 |              1.4 |    48.0 |    1.266 |         2.5 |               0.2 |        11.0 |               0.8 |
|     090519 |    90519 |           21.149 |  9.488 |    0.19 |              1.5 |    64.0 |      3.9 |         0.6 |               0.2 |        12.0 |               0.8 |
|    090516A |    90516 |            8.464 |  9.216 | -11.848 |              1.1 |   210.0 |    4.109 |         1.6 |               0.2 |        90.0 |               4.5 |
|     090510 |    90510 |            0.383 | 22.237 | -26.598 |              1.3 |     0.3 |    0.903 |         9.7 |               0.8 |         3.4 |               0.3 |
|     090426 |    90426 |           12.813 | 12.605 |  32.978 |              1.3 |     1.2 |    2.609 |         2.4 |               0.2 |         1.8 |               0.2 |
|     090424 |    90424 |           14.202 | 12.635 |  16.829 |              0.8 |    48.0 |    0.544 |        71.0 |               1.5 |       210.0 |               0.0 |
|     090423 |    90423 |            7.922 |  9.926 |  18.165 |              0.8 |    10.3 |      8.0 |         1.7 |               0.2 |         5.9 |               0.3 |
|    090418A |    90418 |           11.128 | 17.955 |  33.407 |              1.1 |    56.0 |    1.608 |         1.9 |               0.2 |        46.0 |               1.5 |
|     090407 |    90407 |           10.474 |  4.599 | -12.684 |              1.7 |   310.0 |    1.448 |         0.6 |               0.1 |        11.0 |               1.5 |
|     090313 |    90313 |            9.108 | 13.227 |   8.086 |              1.7 |    79.0 |    3.375 |         0.8 |               0.2 |        14.0 |               1.5 |
|     090205 |    90205 |           23.054 | 14.728 | -27.848 |              1.5 |     8.8 |      4.7 |         0.5 |               0.1 |         1.9 |               0.2 |
|     090113 |    90113 |           18.678 |  2.138 |  33.436 |              0.8 |     9.1 |    1.749 |         2.5 |               0.2 |         7.6 |               0.3 |
|     090102 |    90102 |            2.929 |   8.55 |  33.107 |              1.1 |    27.0 |    1.547 |         5.5 |               0.6 |        0.68 |               0.0 |
|     081222 |    81222 |              4.9 |  1.517 | -34.095 |              0.8 |    24.0 |      2.7 |         7.7 |               0.2 |        48.0 |               0.8 |
|     081221 |    81221 |           16.353 |  1.053 | -24.542 |              0.8 |    34.0 |     2.26 |        18.2 |               0.4 |       181.0 |               2.3 |
|    081203A |    81203 |           13.953 | 15.538 |  63.514 |              0.8 |   294.0 |      2.1 |         2.9 |               0.2 |        77.0 |               2.3 |
|     081121 |    81121 |           20.592 |  5.952 | -60.612 |              1.1 |    14.0 |    2.512 |         4.4 |               0.8 |        41.0 |               2.3 |
|     081118 |    81118 |           14.943 |  5.505 | -43.305 |              1.2 |    67.0 |     2.58 |         0.6 |               0.2 |        12.0 |               0.8 |
|     081029 |    81029 |            1.732 | 23.118 | -68.179 |              1.7 |   270.0 |    3.847 |         0.5 |               0.2 |        21.0 |               1.5 |
|    081028A |    81028 |            0.417 |  8.126 |   2.305 |              0.9 |   260.0 |    3.038 |         0.5 |               0.1 |        37.0 |               1.5 |
|     081008 |    81008 |           19.969 | 18.665 | -57.433 |              0.8 |   185.5 |    1.968 |         1.3 |               0.1 |        43.0 |               1.5 |
|     081007 |    81007 |            5.398 | 22.664 | -40.146 |              1.1 |    10.0 |    0.529 |         2.6 |               0.3 |         7.1 |               0.6 |
|     080928 |    80928 |           15.026 |  6.337 | -55.176 |              1.7 |   280.0 |    1.692 |         2.1 |               0.1 |        25.0 |               1.5 |
|    080916A |    80916 |            9.756 | 22.419 | -57.026 |              0.8 |    60.0 |    0.689 |         2.7 |               0.2 |        40.0 |               0.8 |
|     080913 |    80913 |            6.782 |  4.383 | -25.127 |              1.1 |     8.0 |     6.44 |         1.4 |               0.2 |         5.6 |               0.5 |
|     080906 |    80906 |           13.554 | 15.204 |  -80.54 |              1.3 |   147.0 |      2.0 |         1.0 |               0.2 |        35.0 |               1.5 |
|    080905B |    80905 |           16.929 | 20.116 | -62.568 |              1.4 |   128.0 |    2.374 |         0.5 |               0.1 |        18.0 |               1.5 |
|    080905A |    80905 |           11.982 | 19.178 | -18.865 |              1.6 |     1.0 |    0.121 |         1.3 |               0.2 |         1.4 |               0.2 |
|     080810 |    80810 |            13.17 | 23.786 |    0.31 |              0.9 |   106.0 |     3.35 |         2.0 |               0.2 |        46.0 |               1.5 |
|     080805 |    80805 |            7.693 | 20.949 | -62.433 |              0.8 |    78.0 |    1.505 |         1.1 |               0.1 |        25.0 |               0.8 |
|     080804 |    80804 |           23.337 | 21.912 | -53.189 |              0.9 |    34.0 |    2.204 |         3.1 |               0.3 |        36.0 |               1.5 |
|     080721 |    80721 |           10.421 | 14.965 | -11.709 |              1.0 |    16.2 |    2.602 |        20.9 |               1.4 |       120.0 |               7.6 |
|     080710 |    80710 |            7.219 |  0.551 |  19.484 |              1.7 |   120.0 |    0.845 |         1.0 |               0.2 |        14.0 |               1.5 |
|     080707 |    80707 |            8.465 |  2.175 |    33.1 |              1.4 |    27.1 |     1.23 |         1.0 |               0.1 |         5.2 |               0.5 |
|     080607 |    80607 |            6.124 | 12.998 |   15.91 |              0.8 |    79.0 |    3.036 |        23.1 |               0.8 |       240.0 |               0.0 |
|     080605 |    80605 |           23.799 | 17.475 |    4.01 |              0.8 |    20.0 |    1.639 |        19.9 |               0.5 |       133.0 |               1.5 |
|     080604 |    80604 |             7.45 | 15.797 |  20.557 |              1.5 |    82.0 |    1.416 |         0.4 |               0.1 |         8.0 |               0.7 |
|    080603B |    80603 |           19.637 |  11.77 |  68.061 |              0.8 |    60.0 |     2.69 |         3.5 |               0.2 |        24.0 |               0.8 |
|     080520 |    80520 |            22.34 | 18.679 | -54.964 |              1.8 |     2.8 |    1.545 |         0.5 |               0.1 |        0.55 |               0.1 |
|     080516 |    80516 |            0.285 |  8.044 | -26.146 |              1.6 |     5.8 |      3.2 |         1.8 |               0.2 |         2.6 |               0.3 |
|     080430 |    80430 |           19.884 | 11.022 |  51.682 |              0.8 |    16.2 |     0.75 |         2.6 |               0.2 |        12.0 |               0.8 |
|    080413B |    80413 |            8.853 | 21.743 | -19.981 |              0.8 |     8.0 |      1.1 |        18.7 |               0.6 |        32.0 |               0.8 |
|    080413A |    80413 |            2.905 | 19.153 | -27.677 |              0.8 |    46.0 |    2.433 |         5.6 |               0.2 |        35.0 |               0.8 |
|     080411 |    80411 |           21.259 |  2.531 | -71.297 |              0.8 |    56.0 |     1.03 |        43.2 |               0.7 |       264.0 |               0.8 |
|     080330 |    80330 |            3.688 | 11.285 |  30.607 |              1.4 |    61.0 |     1.51 |         0.9 |               0.2 |         3.4 |               0.6 |
|    080319C |    80319 |           12.432 | 17.267 |  55.393 |              0.8 |    34.0 |     1.95 |         5.2 |               0.2 |        36.0 |               0.8 |
|     080310 |    80310 |            8.633 | 14.669 |  -0.164 |              1.1 |   365.0 |    2.426 |         1.3 |               0.2 |        23.0 |               1.5 |
|     080210 |    80210 |            7.835 | 16.751 |  13.826 |              0.8 |    45.0 |    2.641 |         1.6 |               0.2 |        18.0 |               0.8 |
|     080207 |    80207 |           21.506 | 13.834 |   7.492 |              0.9 |   340.0 |    2.085 |         1.0 |               0.2 |        61.0 |               1.5 |
|     071227 |    71227 |            20.23 |  3.875 | -55.959 |              1.3 |     1.8 |    0.383 |         1.6 |               0.2 |         2.2 |               0.2 |
|     071122 |    71122 |             1.39 | 18.438 |  47.102 |              1.7 |    68.7 |     1.14 |         0.4 |               0.2 |         5.8 |               0.8 |
|     071117 |    71117 |           14.835 | 22.335 | -63.442 |              0.8 |     6.6 |    1.331 |        11.3 |               0.3 |        24.0 |               0.8 |
|    071112C |    71112 |           18.549 |  2.615 |  28.368 |              0.8 |    15.0 |    0.823 |         8.0 |               0.8 |        30.0 |               3.0 |
|     071031 |    71031 |             1.11 |  0.427 | -58.048 |              1.6 |   180.0 |    2.692 |         0.5 |               0.1 |         9.0 |               1.0 |
|    071028B |    71028 |            2.729 | 23.611 |  -31.63 |              2.3 |    55.0 |     0.94 |         1.4 |               0.4 |         2.5 |               0.6 |
|     071021 |    71021 |            9.692 | 22.705 |  23.764 |              2.6 |   225.0 |    2.452 |         0.7 |               0.1 |        13.0 |               1.5 |
|    071010A |    71010 |            3.687 | 19.203 | -32.385 |              1.9 |     6.0 |     0.98 |         0.8 |               0.2 |         2.0 |               0.3 |
|     071003 |    71003 |            7.682 | 20.124 |  10.954 |              0.8 |   150.0 |      1.1 |         6.3 |               0.3 |        83.0 |               2.3 |
|    070810A |    70810 |            2.198 | 12.663 |  10.747 |              1.0 |    11.0 |     2.17 |         1.9 |               0.2 |         6.9 |               0.5 |
|     070802 |    70802 |            7.124 |   2.46 | -55.517 |              1.5 |    16.4 |     2.45 |         0.4 |               0.1 |         2.8 |               0.4 |
|    070724A |    70724 |           10.897 |  1.855 |  -18.61 |              0.9 |     0.4 |    0.457 |         1.0 |               0.2 |         0.3 |               0.1 |
|    070721B |    70721 |           10.563 |  2.209 |  -2.198 |              0.9 |   340.0 |    3.626 |         1.5 |               0.2 |        36.0 |               1.5 |
|    070714B |    70714 |            4.991 |  3.857 |  28.294 |              1.1 |    64.0 |     0.92 |         2.7 |               0.2 |         7.2 |               0.7 |
|    070612A |    70612 |            2.646 |   8.09 |  37.258 |              1.1 |   368.8 |    0.617 |        1.51 |               0.3 |       106.0 |               4.5 |
|     070611 |    70611 |            1.954 |  0.134 | -29.756 |              1.4 |    12.2 |     2.04 |        0.82 |               0.2 |        3.91 |               0.4 |
|     070529 |    70529 |           12.808 | 18.914 |  20.648 |              1.3 |   109.2 |    2.499 |        1.43 |               0.3 |        25.7 |               1.9 |
|     070521 |    70521 |            6.853 | 16.177 |   30.26 |              0.8 |    37.9 |    0.553 |        6.53 |               0.2 |        80.1 |               1.3 |
|     070508 |    70508 |            4.305 | 20.855 | -78.382 |              0.8 |    20.9 |     0.82 |        24.1 |               0.5 |       196.0 |               2.1 |
|     070506 |    70506 |            5.599 | 23.147 |  10.711 |              1.4 |     4.3 |     2.31 |        0.96 |               0.1 |         2.1 |               0.2 |
|    070429B |    70429 |            3.151 | 21.867 | -38.857 |              1.4 |    0.47 |    0.904 |        1.76 |               0.2 |        0.63 |               0.1 |
|    070419A |    70419 |            9.991 | 12.184 |  39.903 |              1.7 |   115.6 |     0.97 |         0.2 |               0.1 |        5.58 |               0.6 |
|     070411 |    70411 |           20.209 |  7.156 |   1.061 |              1.1 |   121.5 |    2.954 |        0.91 |               0.1 |        27.0 |               1.2 |
|     070318 |    70318 |            7.482 |  3.232 |  -42.95 |              0.8 |    74.6 |    0.836 |        1.76 |               0.1 |        24.8 |               0.8 |
|     070306 |    70306 |           16.691 |  9.877 |   10.44 |              2.0 |   209.5 |    1.497 |        4.07 |               0.2 |        53.8 |               2.2 |
|     070208 |    70208 |            9.176 | 13.193 |  61.942 |              2.7 |    47.7 |    1.165 |         0.9 |               0.2 |        4.45 |               0.8 |
|     070129 |    70129 |           23.586 |  2.466 |  11.728 |              2.0 |   460.6 |    2.338 |        0.55 |               0.1 |        29.8 |               2.0 |
|     070110 |    70110 |            7.378 |  0.062 | -52.978 |              0.8 |    88.4 |    2.352 |         0.6 |               0.1 |        16.2 |               0.8 |
|     070103 |    70103 |           20.778 | 23.505 |  26.823 |              2.0 |    18.6 |     2.62 |        1.04 |               0.1 |        3.38 |               0.3 |
|    061222B |    61222 |            4.184 |  7.024 | -25.866 |              0.9 |    40.0 |    3.355 |        1.59 |               0.3 |        22.4 |               1.4 |
|    061222A |    61222 |            3.481 | 23.884 |  46.524 |              0.9 |    71.4 |    2.088 |        8.53 |               0.2 |        79.9 |               1.2 |
|     061217 |    61217 |            3.669 | 10.694 | -21.152 |              1.7 |    0.21 |    0.827 |        1.49 |               0.2 |        0.42 |               0.1 |
|     061210 |    61210 |           12.344 |  9.635 |  15.613 |              1.7 |    85.3 |     0.41 |        5.31 |               0.4 |        11.1 |               1.3 |
|     061201 |    61201 |           15.977 | 22.139 | -74.568 |              0.9 |    0.76 |    0.111 |        3.86 |               0.2 |        3.34 |               0.2 |
|     061121 |    61121 |           15.375 |  9.815 | -13.188 |              0.8 |    81.3 |    1.314 |        21.1 |               0.3 |       137.0 |               1.5 |
|    061110B |    61110 |           21.979 | 21.594 |   6.872 |              1.2 |   134.0 |     3.44 |        0.45 |               0.1 |        13.3 |               0.9 |
|    061110A |    61110 |           11.789 | 22.419 |  -2.252 |              0.8 |    40.7 |    0.758 |        0.53 |               0.1 |        10.6 |               0.6 |
|     061021 |    61021 |           15.652 |  9.676 | -21.953 |              0.8 |    46.2 |    0.346 |        6.11 |               0.2 |        29.6 |               0.8 |
|     061007 |    61007 |           10.136 |  3.087 | -50.496 |              0.8 |    75.3 |    1.261 |        14.6 |               0.3 |       444.0 |               4.2 |
|     060927 |    60927 |           14.126 |  21.97 |    5.37 |              0.8 |    22.5 |      5.6 |         2.7 |               0.1 |        11.3 |               0.5 |
|     060926 |    60926 |           16.812 | 17.595 |  13.039 |              1.1 |     8.0 |    3.208 |        1.09 |               0.1 |        2.19 |               0.2 |
|    060912A |    60912 |           13.932 |  0.352 |  20.971 |              0.8 |     5.0 |    0.937 |        8.58 |               0.3 |        13.5 |               0.5 |
|     060908 |    60908 |            8.956 |  2.122 |   0.335 |              0.8 |    19.3 |    1.883 |        3.03 |               0.2 |        28.0 |               0.8 |
|     060906 |    60906 |            8.546 |  2.714 |  30.362 |              1.9 |    43.5 |    3.685 |        1.97 |               0.2 |        22.1 |               1.0 |
|    060904B |    60904 |            2.518 |  3.881 |  -0.729 |              0.8 |   171.5 |    0.703 |        2.44 |               0.2 |        16.2 |               1.1 |
|     060814 |    60814 |           23.039 | 14.756 |  20.591 |              0.8 |   145.3 |     0.84 |        7.27 |               0.2 |       146.0 |               1.8 |
|     060729 |    60729 |           19.208 |  6.352 | -62.221 |              3.1 |   115.3 |     0.54 |        1.17 |               0.1 |        26.1 |               1.6 |
|     060719 |    60719 |            6.844 |  1.228 | -48.381 |              1.0 |    66.9 |    1.532 |        2.16 |               0.2 |        15.0 |               0.7 |
|     060714 |    60714 |             15.2 |  15.19 |  -6.544 |              1.1 |   115.0 |     2.71 |        1.28 |               0.1 |        28.3 |               1.3 |
|     060707 |    60707 |           21.505 | 23.805 | -17.904 |              1.1 |    66.2 |     3.43 |        1.01 |               0.2 |        16.0 |               1.1 |
|     060614 |    60614 |            12.73 | 21.392 | -53.027 |              0.8 |   108.7 |     0.13 |        11.5 |               0.6 |       204.0 |               2.7 |
|    060607A |    60607 |            5.204 |  21.98 | -22.496 |              0.8 |   102.2 |    3.082 |         1.4 |               0.1 |        25.5 |               0.8 |
|     060605 |    60605 |           18.262 | 21.475 |  -6.071 |              1.4 |    79.1 |      3.8 |        0.46 |               0.1 |        6.97 |               0.7 |
|     060604 |    60604 |           18.317 | 22.482 | -10.945 |              2.8 |    95.0 |    2.135 |        0.34 |               0.1 |        4.02 |               0.8 |
|    060602A |    60602 |           21.537 |  9.972 |   0.314 |              1.2 |    75.0 |    0.787 |        0.56 |               0.2 |        16.1 |               1.2 |
|     060526 |    60526 |           16.475 | 15.522 |   0.288 |              1.1 |   298.2 |     3.21 |        1.67 |               0.1 |        12.6 |               1.2 |
|     060522 |    60522 |            2.189 |  21.53 |   2.895 |              1.1 |    71.1 |     5.11 |        0.55 |               0.1 |        11.4 |               0.8 |
|     060512 |    60512 |           23.222 |  13.05 |  41.209 |              1.4 |     8.5 |    0.442 |        0.88 |               0.2 |        2.32 |               0.3 |
|    060510B |    60510 |            8.371 | 15.951 |  78.591 |              1.4 |   275.2 |      4.9 |        0.57 |               0.1 |        40.7 |               1.3 |
|     060505 |    60505 |              6.6 | 22.118 | -27.815 |              2.9 |     4.0 |    0.089 |        2.65 |               0.5 |        9.44 |               1.3 |
|    060502B |    60502 |           17.411 | 18.595 |  52.618 |              1.8 |   0.131 |    0.287 |        0.62 |               0.1 |         0.4 |               0.0 |
|    060502A |    60502 |            3.059 | 16.062 |  66.604 |              0.8 |    28.4 |     1.51 |        1.69 |               0.2 |        23.1 |               0.8 |
|     060418 |    60418 |            3.102 | 15.762 |   -3.64 |              0.8 |   103.1 |     1.49 |        6.52 |               0.3 |        83.3 |               1.9 |
|    060223A |    60223 |            6.073 |  3.679 | -17.134 |              0.9 |    11.3 |     4.41 |        1.35 |               0.1 |        6.73 |               0.4 |
|     060218 |    60218 |            3.575 |  3.359 |   16.91 |              1.9 |  2100.0 |    0.033 |        0.25 |               0.1 |        15.7 |               1.1 |
|     060210 |    60210 |            4.981 |  3.848 |  27.015 |              0.8 |   255.0 |     3.91 |        2.72 |               0.2 |        76.6 |               3.1 |
|     060206 |    60206 |            4.781 | 13.529 |  35.046 |              0.8 |     7.6 |    4.045 |        2.79 |               0.1 |        8.31 |               0.3 |
|     060124 |    60124 |           15.914 |   5.14 |  69.727 |              1.2 |   750.0 |      2.3 |        0.89 |               0.1 |        4.61 |               0.4 |
|     060115 |    60115 |           13.134 |    3.6 |  17.339 |              1.5 |   139.6 |     3.53 |        0.87 |               0.1 |        17.1 |               1.1 |
|     060108 |    60108 |           14.653 |  9.801 |  31.935 |              1.0 |    14.3 |     2.03 |        0.77 |               0.1 |        3.69 |               0.3 |
|    051221A |    51221 |            1.854 | 21.914 |  16.888 |              0.8 |     1.4 |    0.547 |        12.0 |               0.3 |        11.5 |               0.3 |
|    051117B |    51117 |           13.382 |   5.68 | -19.286 |              1.8 |     9.0 |    0.481 |        0.49 |               0.1 |        1.77 |               0.3 |
|     051111 |    51111 |            5.995 | 23.209 |  18.367 |              0.8 |    46.1 |    1.549 |        2.66 |               0.2 |        40.8 |               1.0 |
|    051109B |    51109 |            8.661 | 23.031 |  38.663 |              1.5 |    14.3 |     0.08 |        0.55 |               0.1 |        2.56 |               0.3 |
|    051109A |    51109 |            1.206 | 22.021 |   40.85 |              1.4 |    37.2 |    2.346 |        3.94 |               0.5 |        22.0 |               2.1 |
|    051016B |    51016 |           18.469 |  8.808 |  13.629 |              1.2 |     4.0 |    0.936 |         1.3 |               0.1 |         1.7 |               0.2 |
|     051006 |    51006 |           20.509 |  7.387 |    9.51 |              1.1 |    34.8 |    1.059 |        1.62 |               0.2 |        13.4 |               1.1 |
|     051001 |    51001 |           11.193 | 23.399 | -31.515 |              1.7 |   189.1 |    2.429 |        0.49 |               0.1 |        17.4 |               1.1 |
|    050922C |    50922 |           19.931 | 21.159 |  -8.764 |              0.8 |     4.5 |    2.198 |        7.26 |               0.2 |        16.2 |               0.4 |
|    050915A |    50915 |           11.378 |  5.446 | -28.014 |              1.1 |    52.0 |    2.527 |        0.77 |               0.1 |         8.5 |               0.7 |
|     050908 |    50908 |            5.709 |  1.364 |  -12.95 |              1.1 |    19.4 |     3.35 |         0.7 |               0.1 |        4.83 |               0.4 |
|     050826 |    50826 |            6.303 |  5.851 |  -2.658 |              1.5 |    35.5 |    0.297 |        0.38 |               0.1 |        4.13 |               0.5 |
|     050824 |    50824 |           23.204 |  0.818 |  22.602 |              1.6 |    22.6 |     0.83 |         0.5 |               0.1 |        2.66 |               0.4 |
|    050820A |    50820 |            6.581 | 22.494 |   19.56 |              0.8 |    26.0 |    2.612 |        2.45 |               0.2 |        34.4 |               1.8 |
|     050819 |    50819 |           16.399 | 23.917 |  24.871 |              1.5 |    37.7 |    2.504 |        0.38 |               0.1 |         3.5 |               0.4 |
|     050814 |    50814 |           11.649 | 17.613 |  46.324 |              1.5 |   150.9 |      5.3 |        0.71 |               0.2 |        20.1 |               1.7 |
|     050813 |    50813 |            6.753 | 16.133 |  11.244 |              2.1 |    0.45 |      1.8 |        0.94 |               0.2 |        0.44 |               0.1 |
|     050803 |    50803 |           19.233 | 23.377 |   5.788 |              0.9 |    87.9 |    0.422 |        0.96 |               0.1 |        21.5 |               1.0 |
|     050802 |    50802 |           10.134 | 14.619 |  27.799 |              1.0 |    19.0 |     1.71 |        2.75 |               0.3 |        20.0 |               1.2 |
|     050730 |    50730 |           19.973 | 14.138 |  -3.754 |              1.0 |   156.5 |    3.968 |        0.55 |               0.1 |        23.8 |               1.1 |
|     050724 |    50724 |           12.569 | 16.412 | -27.526 |              1.4 |    96.0 |    0.257 |        3.26 |               0.2 |        9.98 |               0.9 |
|    050525A |    50525 |            0.048 | 18.543 |  26.335 |              0.8 |     8.8 |    0.606 |        41.7 |               0.7 |       153.0 |               1.7 |
|    050509B |    50509 |            4.005 | 12.603 |  28.974 |              1.9 |   0.073 |    0.225 |        0.28 |               0.1 |        0.09 |               0.0 |
|     050505 |    50505 |           23.372 |  9.451 |  30.266 |              1.0 |    58.9 |     4.27 |        1.85 |               0.2 |        24.9 |               1.4 |
|    050416A |    50416 |           11.079 | 12.566 |  21.058 |              1.1 |     2.5 |    0.653 |        4.88 |               0.4 |        3.67 |               0.3 |
|     050406 |    50406 |            15.98 |  2.294 |  -50.18 |              1.9 |     5.4 |     2.44 |        0.36 |               0.1 |        0.68 |               0.1 |
|     050401 |    50401 |           14.338 | 16.525 |   2.185 |              0.8 |    33.3 |      2.9 |        10.7 |               0.7 |        82.2 |               2.3 |
|     050319 |    50319 |            9.522 | 10.278 |  43.581 |              1.8 |   152.5 |     3.24 |        1.52 |               0.2 |        13.1 |               1.1 |
|     050318 |    50318 |           15.744 |  3.313 | -46.386 |              0.8 |    32.0 |     1.44 |        3.16 |               0.2 |        10.8 |               0.6 |
|     050315 |    50315 |           20.995 | 20.432 | -42.591 |              0.8 |    95.6 |    1.949 |        1.93 |               0.2 |        32.2 |               1.1 |
|     050223 |    50223 |            3.152 | 18.093 | -62.465 |              1.1 |    22.5 |    0.591 |        0.69 |               0.1 |        6.36 |               0.5 |
|     050126 |    50126 |           12.015 | 18.541 |  42.384 |              1.1 |    24.8 |     1.29 |        0.71 |               0.1 |        8.38 |               0.6 |
