|          z_sim |      L_cut__BATSE |      L_cut__Fermi |      L_cut__Swift |       L_cut__CZTI |
|          1e-05 | 5.45296111333e+39 |  1.6708612612e+40 | 1.40538652534e+40 | 6.92426866317e+40 |
|  0.10011009009 | 6.51824696217e+47 | 1.94132792451e+48 | 1.62176882102e+48 | 8.06501422454e+48 |
|  0.20021018018 | 3.04794673026e+48 | 8.83404887501e+48 | 7.35055367382e+48 | 3.68852186528e+49 |
|  0.30031027027 | 7.88402917247e+48 | 2.22606636966e+49 | 1.84921108661e+49 | 9.36088284976e+49 |
|  0.40041036036 |  1.5886676945e+49 | 4.37377939255e+49 | 3.63447104705e+49 | 1.85547585028e+50 |
|  0.50051045045 | 2.77990927725e+49 | 7.46859472145e+49 | 6.21830135045e+49 | 3.20080531322e+50 |
| 0.600610540541 | 4.43715476113e+49 | 1.16415298949e+50 | 9.72511708421e+49 | 5.04602307371e+50 |
| 0.700710630631 | 6.63558537547e+49 | 1.70123057984e+50 | 1.42762437947e+50 | 7.46504783221e+50 |
| 0.800810720721 | 9.45028293215e+49 | 2.36898268962e+50 | 1.99902813821e+50 | 1.05318086184e+51 |
| 0.900910810811 | 1.29561793476e+50 | 3.17730742201e+50 | 2.69836754364e+50 | 1.43204120786e+51 |
|   1.0010109009 | 1.72281390583e+50 | 4.13521761998e+50 | 3.53713612861e+50 | 1.89053717988e+51 |
|  1.10111099099 | 2.23410971528e+50 | 5.25095067419e+50 | 4.52673978484e+50 | 2.43618270876e+51 |
|  1.20121108108 | 2.83702502684e+50 | 6.53207259608e+50 | 5.67855468103e+50 | 3.07651892873e+51 |
|  1.30131117117 | 3.53912411069e+50 | 7.98557163705e+50 | 7.00397782454e+50 | 3.81910771306e+51 |
|  1.40141126126 | 4.34803442724e+50 | 9.61794064291e+50 | 8.51446992092e+50 | 4.67158281938e+51 |
|  1.50151135135 | 5.27146399204e+50 | 1.14352479225e+51 | 1.02215910197e+51 | 5.64166823181e+51 |
|  1.60161144144 | 6.31721714374e+50 | 1.34431971962e+51 | 1.21370298159e+51 | 6.73719347675e+51 |
|  1.70171153153 | 7.49320888417e+50 | 1.56471785759e+51 | 1.42726275887e+51 |  7.9661073468e+51 |
|  1.80181162162 | 8.80747776187e+50 |   1.805231121e+51 | 1.66403778636e+51 | 9.33649026712e+51 |
|  1.90191171171 | 1.02681973852e+51 |  2.0663479497e+51 | 1.92522610523e+51 | 1.08565651787e+52 |
|   2.0020118018 | 1.18836869108e+51 | 2.34853633743e+51 |  2.2120292689e+51 | 1.25347075869e+52 |
|  2.10211189189 | 1.36624204335e+51 |  2.6522464185e+51 | 2.52566213054e+51 | 1.43794544635e+52 |
|  2.20221198198 | 1.56130356151e+51 | 2.97791259963e+51 | 2.86735409212e+51 | 1.63995125023e+52 |
|  2.30231207207 | 1.77443416213e+51 | 3.32595547665e+51 | 3.23835015538e+51 | 1.86037656564e+52 |
|  2.40241216216 | 2.00653264689e+51 | 3.69678341652e+51 | 3.63991183923e+51 | 2.10012821782e+52 |
|  2.50251225225 | 2.25851638065e+51 | 4.09079386235e+51 | 4.07331804204e+51 | 2.36013212285e+52 |
|  2.60261234234 | 2.53132194785e+51 | 4.50837459049e+51 | 4.53986581501e+51 | 2.64133390883e+52 |
|  2.70271243243 | 2.82590574915e+51 | 4.94990471012e+51 | 5.04087109356e+51 | 2.94469950898e+52 |
|  2.80281252252 | 3.14324460325e+51 |  5.4157555704e+51 | 5.57766933905e+51 | 3.27121572382e+52 |
|  2.90291261261 | 3.48433629798e+51 | 5.90629150109e+51 | 6.15161619921e+51 | 3.62189080478e+52 |
|   3.0030127027 | 3.85020013044e+51 | 6.42187060779e+51 | 6.76408809306e+51 | 3.99775491914e+52 |
|  3.10311279279 | 4.24187744314e+51 | 6.96284529686e+51 | 7.41648276635e+51 | 4.39986073103e+52 |
|  3.20321288288 | 4.66043210721e+51 | 7.52956286439e+51 | 8.11021984422e+51 | 4.82928388038e+52 |
|  3.30331297297 | 5.10695108689e+51 | 8.12236597932e+51 | 8.84674136066e+51 | 5.28712348566e+52 |
|  3.40341306306 | 5.58254485415e+51 | 8.74159311971e+51 | 9.62751221976e+51 | 5.77450263418e+52 |
|  3.50351315315 | 6.08834795028e+51 | 9.38757897755e+51 |  1.0454020751e+52 | 6.29256886576e+52 |
|  3.60361324324 | 6.62551940259e+51 | 1.00606548146e+52 | 1.13277791281e+52 |  6.8424946702e+52 |
|  3.70371333333 | 7.19524323586e+51 | 1.07611487953e+52 | 1.22503238627e+52 | 7.42547787004e+52 |
|  3.80381342342 |  7.7987289507e+51 | 1.14893862284e+52 | 1.32232162431e+52 | 8.04274228339e+52 |
|  3.90391351351 | 8.43721190734e+51 | 1.22456899265e+52 | 1.42480428429e+52 | 8.69553799328e+52 |
|   4.0040136036 | 9.11195390619e+51 | 1.30303803819e+52 | 1.53264156985e+52 |  9.3851419192e+52 |
|  4.10411369369 | 9.82424332055e+51 | 1.38437760156e+52 | 1.64599732506e+52 | 1.01128582807e+53 |
|  4.20421378378 | 1.05753969992e+52 | 1.46861933916e+52 | 1.76503803427e+52 | 1.08800189651e+53 |
|  4.30431387387 | 1.13667577477e+52 | 1.55579473772e+52 | 1.88993287043e+52 | 1.16879841742e+53 |
|  4.40441396396 | 1.21996978135e+52 | 1.64593513624e+52 | 2.02085375447e+52 | 1.25381427119e+53 |
|  4.50451405405 | 1.30756178115e+52 | 1.73907174089e+52 | 2.15797538161e+52 | 1.34319125115e+53 |
|  4.60461414414 | 1.39959475068e+52 | 1.83523563527e+52 | 2.30147527195e+52 | 1.43707411088e+53 |
|  4.70471423423 | 1.49621462331e+52 | 1.93445780244e+52 | 2.45153380553e+52 | 1.53561060943e+53 |
|  4.80481432432 | 1.59757033905e+52 | 2.03676913207e+52 | 2.60833426362e+52 | 1.63895155449e+53 |
|  4.90491441441 | 1.70381388452e+52 | 2.14220043463e+52 | 2.77206288637e+52 | 1.74725085235e+53 |
|   5.0050145045 | 1.81510034253e+52 | 2.25078245282e+52 | 2.94290887572e+52 | 1.86066555632e+53 |
|  5.10511459459 | 1.93158793503e+52 | 2.36254587576e+52 | 3.12106447659e+52 | 1.97935588817e+53 |
|  5.20521468468 | 2.05343806738e+52 |  2.4775213242e+52 | 3.30672499006e+52 | 2.10348533472e+53 |
|  5.30531477477 | 2.18081538211e+52 | 2.59573942269e+52 | 3.50008883424e+52 | 2.23322064148e+53 |
|  5.40541486486 | 2.31388778488e+52 | 2.71723072142e+52 | 3.70135753661e+52 | 2.36873188432e+53 |
|  5.50551495495 | 2.45282650831e+52 | 2.84202577266e+52 | 3.91073592151e+52 | 2.51019251447e+53 |
|  5.60561504505 | 2.59780614879e+52 | 2.97015511069e+52 | 4.12843188723e+52 |  2.6577793957e+53 |
|  5.70571513514 | 2.74900470912e+52 | 3.10164925917e+52 | 4.35465669583e+52 | 2.81167285629e+53 |
|  5.80581522523 | 2.90660365031e+52 |  3.2365387458e+52 | 4.58962489609e+52 | 2.97205673531e+53 |
|  5.90591531532 | 3.07078792843e+52 | 3.37485410296e+52 | 4.83355438438e+52 | 3.13911841856e+53 |
|  6.00601540541 | 3.24174604091e+52 | 3.51662587336e+52 | 5.08666643209e+52 | 3.31304889587e+53 |
|   6.1061154955 | 3.41967007538e+52 | 3.66188461917e+52 | 5.34918576597e+52 | 3.49404280033e+53 |
|  6.20621558559 | 3.60475575089e+52 |  3.8106609298e+52 | 5.62134055215e+52 | 3.68229845307e+53 |
|  6.30631567568 |  3.7972024563e+52 | 3.96298541321e+52 | 5.90336247327e+52 | 3.87801790552e+53 |
|  6.40641576577 | 3.99721330063e+52 | 4.11888871033e+52 | 6.19548677167e+52 | 4.08140699156e+53 |
|  6.50651585586 | 4.20499516102e+52 | 4.27840153078e+52 |  6.4979522578e+52 | 4.29267536533e+53 |
|  6.60661594595 | 4.42075870938e+52 | 4.44155457461e+52 | 6.81100138354e+52 | 4.51203654457e+53 |
|  6.70671603604 | 4.64471848272e+52 | 4.60837862213e+52 | 7.13488026037e+52 | 4.73970796431e+53 |
|  6.80681612613 | 4.87709286635e+52 | 4.77890449451e+52 | 7.46983871311e+52 | 4.97591100437e+53 |
|  6.90691621622 | 5.11810424415e+52 |  4.9531630656e+52 | 7.81613031097e+52 | 5.22087105306e+53 |
|  7.00701630631 | 5.36797892297e+52 | 5.13118527337e+52 | 8.17401242669e+52 | 5.47481752293e+53 |
|   7.1071163964 | 5.62694722038e+52 | 5.31300210134e+52 | 8.54374618354e+52 | 5.73798392656e+53 |
|  7.20721648649 |  5.8952435983e+52 | 5.49864460891e+52 | 8.92559669633e+52 | 6.01060788992e+53 |
|  7.30731657658 | 6.17310649733e+52 | 5.68814392047e+52 | 9.31983293116e+52 | 6.29293121107e+53 |
|  7.40741666667 | 6.46077859704e+52 | 5.88153122358e+52 | 9.72672770907e+52 | 6.58519990103e+53 |
|  7.50751675676 | 6.75850668032e+52 |  6.0788377822e+52 | 1.01465579885e+53 |  6.8876641916e+53 |
|  7.60761684685 | 7.06654179821e+52 | 6.28009493927e+52 |   1.057960469e+53 | 7.20057864055e+53 |
|  7.70771693694 | 7.38513924568e+52 | 6.48533409846e+52 | 1.10261525399e+53 | 7.52420213796e+53 |
|  7.80781702703 |  7.7145586104e+52 | 6.69458671776e+52 | 1.14864913126e+53 | 7.85879790139e+53 |
|  7.90791711712 | 8.05506383101e+52 | 6.90788413615e+52 | 1.19609135654e+53 | 8.20463358572e+53 |
|  8.00801720721 | 8.40692318589e+52 |  7.1252589754e+52 |  1.2449716953e+53 | 8.56198129783e+53 |
|   8.1081172973 | 8.77040940733e+52 | 7.34674188199e+52 | 1.29532030915e+53 | 8.93111768214e+53 |
|  8.20821738739 | 9.14579963133e+52 | 7.57236519414e+52 | 1.34716778931e+53 | 9.31232361927e+53 |
|  8.30831747748 | 9.53337549244e+52 | 7.80216069388e+52 | 1.40054515696e+53 | 9.70588498998e+53 |
|  8.40841756757 | 9.93342313349e+52 | 8.03616044241e+52 | 1.45548386671e+53 | 1.01120919649e+54 |
|  8.50851765766 | 1.03462332655e+53 | 8.27439653911e+52 | 1.51201581191e+53 | 1.05312394338e+54 |
|  8.60861774775 | 1.07721011481e+53 | 8.51690119533e+52 | 1.57017332566e+53 | 1.09636269212e+54 |
|  8.70871783784 | 1.12113266892e+53 | 8.76370670008e+52 |  1.6299891895e+53 | 1.14095586382e+54 |
|  8.80881792793 | 1.16642144091e+53 | 9.01484545015e+52 | 1.69149663243e+53 | 1.18693436092e+54 |
|  8.90891801802 |  1.2131073532e+53 | 9.27034993154e+52 | 1.75472933974e+53 | 1.23432954503e+54 |
|  9.00901810811 | 1.26122179643e+53 | 9.53025275105e+52 | 1.81972145126e+53 | 1.28317328001e+54 |
|   9.1091181982 | 1.31079663589e+53 | 9.79458659546e+52 | 1.88650756795e+53 | 1.33349788576e+54 |
|  9.20921828829 | 1.36186421373e+53 | 1.00633842492e+53 | 1.95512275631e+53 | 1.38533614738e+54 |
|  9.30931837838 |  1.4144573492e+53 | 1.03366786595e+53 | 2.02560255722e+53 |  1.4387214732e+54 |
|  9.40941846847 |   1.468609341e+53 | 1.06145027914e+53 | 2.09798297149e+53 | 1.49368755156e+54 |
|  9.50951855856 | 1.52435397539e+53 |  1.0896889769e+53 | 2.17230048687e+53 | 1.55026870376e+54 |
|  9.60961864865 | 1.58172552609e+53 | 1.11838728191e+53 | 2.24859206558e+53 | 1.60849970899e+54 |
|  9.70971873874 | 1.64075874825e+53 | 1.14754852684e+53 | 2.32689515315e+53 | 1.66841584454e+54 |
|  9.80981882883 |  1.7014888901e+53 | 1.17717606088e+53 | 2.40724769388e+53 | 1.73005288734e+54 |
|  9.90991891892 | 1.76395169599e+53 |  1.2072732242e+53 | 2.48968810174e+53 | 1.79344711194e+54 |
|   10.010019009 | 1.82818339857e+53 | 1.23784339473e+53 | 2.57425529875e+53 | 1.85863530116e+54 |
|  10.1101190991 | 1.89422072903e+53 | 1.26888994896e+53 |  2.6609887071e+53 | 1.92565473641e+54 |
|  10.2102191892 | 1.96210091286e+53 |  1.3004162718e+53 | 2.74992824438e+53 | 1.99454320827e+54 |
|  10.3103192793 | 2.03186167822e+53 | 1.33242576758e+53 | 2.84111432645e+53 | 2.06533901716e+54 |
|  10.4104193694 | 2.10354125196e+53 | 1.36492184344e+53 | 2.93458789343e+53 | 2.13808096683e+54 |
|  10.5105194595 | 2.17717835433e+53 | 1.39790792222e+53 | 3.03039039026e+53 | 2.21280837335e+54 |
|  10.6106195495 | 2.25281221077e+53 | 1.43138744012e+53 | 3.12856377197e+53 | 2.28956106556e+54 |
|  10.7107196396 | 2.33048256455e+53 | 1.46536384249e+53 | 3.22915051792e+53 | 2.36837937579e+54 |
|  10.8108197297 |  2.4102296372e+53 | 1.49984058602e+53 | 3.33219362808e+53 | 2.44930416181e+54 |
|  10.9109198198 | 2.49209416608e+53 | 1.53482113979e+53 | 3.43773662508e+53 | 2.53237677673e+54 |
|  11.0110199099 | 2.57611739146e+53 | 1.57030898528e+53 | 3.54582356557e+53 | 2.61763910249e+54 |
|       11.11112 | 2.66234105207e+53 | 1.60630761575e+53 | 3.65649903096e+53 | 2.70513352392e+54 |
|  11.2112200901 | 2.75080739609e+53 | 1.64282053477e+53 | 3.76980814294e+53 | 2.79490294525e+54 |
|  11.3113201802 | 2.84155917371e+53 | 1.67985126053e+53 | 3.88579655318e+53 | 2.88699077481e+54 |
|  11.4114202703 | 2.93463962959e+53 | 1.71740331921e+53 | 4.00451046496e+53 | 2.98144093428e+54 |
|  11.5115203604 | 3.03009251766e+53 | 1.75548025371e+53 | 4.12599661587e+53 |  3.0782978633e+54 |
|  11.6116204505 |  3.1279620935e+53 |  1.7940856147e+53 | 4.25030229795e+53 | 3.17760649998e+54 |
|  11.7117205405 | 3.22829311625e+53 | 1.83322296863e+53 | 4.37747533996e+53 | 3.27941230697e+54 |
|  11.8118206306 | 3.33113080869e+53 | 1.87289589134e+53 | 4.50756413556e+53 | 3.38376132054e+54 |
|  11.9119207207 | 3.43652094628e+53 | 1.91310797234e+53 | 4.64061763425e+53 | 3.49069975904e+54 |
|  12.0120208108 | 3.54450976006e+53 | 1.95386281095e+53 | 4.77668531698e+53 | 3.60027483856e+54 |
|  12.1121209009 | 3.65514397058e+53 | 1.99516402297e+53 | 4.91581727635e+53 | 3.71253395678e+54 |
|   12.212220991 | 3.76847083543e+53 |  2.0370152327e+53 | 5.05806410968e+53 | 3.82752507147e+54 |
|  12.3123210811 | 3.88453803771e+53 | 2.07942007798e+53 | 5.20347704979e+53 | 3.94529666833e+54 |
|  12.4124211712 | 4.00339377461e+53 |  2.1223822089e+53 |  5.3521078027e+53 | 4.06589769275e+54 |
|  12.5125212613 | 4.12508675372e+53 | 2.16590528838e+53 |  5.5040087233e+53 | 4.18937760729e+54 |
|  12.6126213514 | 4.24966610878e+53 | 2.20999298994e+53 | 5.65923256253e+53 | 4.31578635099e+54 |
|  12.7127214414 |   4.377181474e+53 | 2.25464900186e+53 | 5.81783321807e+53 | 4.44517434635e+54 |
|  12.8128215315 | 4.50768296408e+53 | 2.29987702227e+53 | 5.97986432159e+53 | 4.57759251512e+54 |
|  12.9129216216 | 4.64122115194e+53 | 2.34568076524e+53 | 6.14538064585e+53 | 4.71309221597e+54 |
|  13.0130217117 | 4.77784707546e+53 |  2.3920639511e+53 | 6.31443739003e+53 | 4.85172532115e+54 |
|  13.1131218018 | 4.91761222706e+53 |  2.4390303195e+53 | 6.48709035603e+53 | 4.99354414884e+54 |
|  13.2132218919 | 5.06056857612e+53 | 2.48658361814e+53 | 6.66339591613e+53 |  5.1386014852e+54 |
|   13.313321982 |  5.2067685054e+53 | 2.53472760865e+53 | 6.84341103515e+53 | 5.28695057775e+54 |
|  13.4134220721 |  5.3562648682e+53 | 2.58346606403e+53 | 7.02719326398e+53 | 5.43864511192e+54 |
|  13.5135221622 | 5.50911095127e+53 | 2.63280277267e+53 | 7.21480073046e+53 | 5.59373924136e+54 |
|  13.6136222523 |  5.6653604684e+53 | 2.68274152936e+53 | 7.40629217979e+53 | 5.75228752845e+54 |
|  13.7137223423 | 5.82506756949e+53 | 2.73328615103e+53 | 7.60172691643e+53 | 5.91434503577e+54 |
|  13.8138224324 | 5.98828681472e+53 | 2.78444045044e+53 | 7.80116486758e+53 | 6.07996717032e+54 |
|  13.9139225225 | 6.15507319213e+53 | 2.83620827404e+53 | 8.00466652869e+53 | 6.24920980883e+54 |
|  14.0140226126 | 6.32548198977e+53 |  2.8885934523e+53 | 8.21229301605e+53 | 6.42212923629e+54 |
|  14.1141227027 |   6.499569294e+53 | 2.94159988471e+53 | 8.42410601003e+53 | 6.59878214269e+54 |
|  14.2142227928 |  6.6773909477e+53 | 2.99523140708e+53 | 8.64016781875e+53 | 6.77922561136e+54 |
|  14.3143228829 | 6.85900371249e+53 | 3.04949191672e+53 | 8.86054132781e+53 | 6.96351712583e+54 |
|   14.414422973 | 7.04446444002e+53 | 3.10438531248e+53 | 9.08529002995e+53 | 7.15171453856e+54 |
|  14.5145230631 | 7.23383042062e+53 | 3.15991550304e+53 | 9.31447800973e+53 | 7.34387610788e+54 |
|  14.6146231532 | 7.42715947979e+53 | 3.21608641256e+53 | 9.54816996238e+53 | 7.54006042316e+54 |
|  14.7147232432 | 7.62450946773e+53 | 3.27290197456e+53 | 9.78643116193e+53 | 7.74032642503e+54 |
|  14.8148233333 | 7.82593882103e+53 | 3.33036613758e+53 | 1.00293275012e+54 | 7.94473344567e+54 |
|  14.9149234234 | 8.03150623438e+53 | 3.38848286214e+53 | 1.02769254535e+54 | 8.15334112152e+54 |
|  15.0150235135 | 8.24127071518e+53 | 3.44725611827e+53 | 1.05292921194e+54 | 8.36620941944e+54 |
|  15.1151236036 |  8.4552916005e+53 | 3.50668989204e+53 | 1.07864951711e+54 | 8.58339862713e+54 |
|  15.2152236937 | 8.67362853183e+53 | 3.56678817753e+53 | 1.10486028809e+54 | 8.80496932876e+54 |
|  15.3153237838 | 8.89634142132e+53 | 3.62755498677e+53 | 1.13156841329e+54 | 9.03098244327e+54 |
|  15.4154238739 | 9.12349047919e+53 | 3.68899433838e+53 | 1.15878084008e+54 | 9.26149911925e+54 |
|   15.515523964 | 9.35513618308e+53 | 3.75111026981e+53 | 1.18650457517e+54 | 9.49658080766e+54 |
|  15.6156240541 | 9.59133926608e+53 |  3.8139068233e+53 | 1.21474668498e+54 | 9.73628921773e+54 |
|  15.7157241441 | 9.83216071887e+53 | 3.87738805412e+53 | 1.24351429598e+54 |  9.9806863075e+54 |
|  15.8158242342 |  1.0077661742e+54 | 3.94155804005e+53 | 1.27281459194e+54 | 1.02298342693e+55 |
|  15.9159243243 | 1.03279037764e+54 | 4.00642085862e+53 | 1.30265482076e+54 | 1.04837955181e+55 |
|  16.0160244144 |  1.0582948476e+54 | 4.07198060315e+53 | 1.33304228181e+54 | 1.07426322911e+55 |
|  16.1161245045 | 1.08428576644e+54 | 4.13824138281e+53 | 1.36398433994e+54 | 1.10064085875e+55 |
|  16.2162245946 | 1.11076933836e+54 | 4.20520731533e+53 | 1.39548841469e+54 | 1.12751862403e+55 |
|  16.3163246847 | 1.13775178025e+54 | 4.27288253147e+53 | 1.42756198628e+54 | 1.15490288287e+55 |
|  16.4164247748 | 1.16523933939e+54 | 4.34127117074e+53 | 1.46021259137e+54 |  1.1827999685e+55 |
|  16.5165248649 | 1.19323825169e+54 | 4.41037739591e+53 | 1.49344782163e+54 | 1.21121622859e+55 |
|   16.616624955 | 1.22175478526e+54 | 4.48020536818e+53 | 1.52727533871e+54 | 1.24015802392e+55 |
|   16.716725045 | 1.25079521267e+54 | 4.55075926292e+53 | 1.56170285023e+54 | 1.26963173153e+55 |
|  16.8168251351 | 1.28036581837e+54 | 4.62204327741e+53 | 1.59673812193e+54 | 1.29964372126e+55 |
|  16.9169252252 | 1.31047289598e+54 |  4.6940616076e+53 | 1.63238897943e+54 |  1.3302003897e+55 |
|  17.0170253153 | 1.34112274421e+54 | 4.76681847207e+53 | 1.66866330708e+54 | 1.36130813634e+55 |
|  17.1171254054 | 1.37232166819e+54 | 4.84031809905e+53 |  1.7055690403e+54 | 1.39297335962e+55 |
|  17.2172254955 | 1.40407597675e+54 | 4.91456472428e+53 | 1.74311417279e+54 | 1.42520246634e+55 |
|  17.3173255856 | 1.43639198099e+54 | 4.98956257535e+53 | 1.78130675582e+54 | 1.45800186381e+55 |
|  17.4174256757 | 1.46927599233e+54 | 5.06531596704e+53 | 1.82015489517e+54 | 1.49137795748e+55 |
|  17.5175257658 | 1.50273432213e+54 | 5.14182912776e+53 | 1.85966674348e+54 | 1.52533715519e+55 |
|  17.6176258559 | 1.53677328043e+54 | 5.21910635204e+53 | 1.89985052388e+54 | 1.55988585955e+55 |
|  17.7177259459 | 1.57139916916e+54 | 5.29715193754e+53 | 1.94071449812e+54 | 1.59503046785e+55 |
|   17.817826036 | 1.60661828747e+54 | 5.37597019498e+53 | 1.98226699267e+54 | 1.63077737411e+55 |
|  17.9179261261 | 1.64243692409e+54 | 5.45556543565e+53 | 2.02451612968e+54 | 1.66713295756e+55 |
|  18.0180262162 | 1.67886136555e+54 | 5.53594199949e+53 | 2.06747108304e+54 | 1.70410359647e+55 |
|  18.1181263063 | 1.71589788618e+54 | 5.61710422351e+53 | 2.11113958644e+54 | 1.74169564723e+55 |
|  18.2182263964 | 1.75355273578e+54 | 5.69905646127e+53 | 2.15553042116e+54 | 1.77991546767e+55 |
|  18.3183264865 | 1.79183215654e+54 | 5.78180307936e+53 | 2.20065216666e+54 |   1.818769378e+55 |
|  18.4184265766 | 1.83074238396e+54 |  5.8653484512e+53 | 2.24651345521e+54 | 1.85826370254e+55 |
|  18.5185266667 | 1.87028962172e+54 | 5.94969696803e+53 | 2.29312296918e+54 | 1.89840473419e+55 |
|  18.6186267568 | 1.91048006644e+54 | 6.03485302368e+53 | 2.34048944439e+54 |  1.9391987501e+55 |
|  18.7187268468 | 1.95131988016e+54 |  6.1208210297e+53 | 2.38862165604e+54 |  1.9806520033e+55 |
|  18.8188269369 | 1.99281521044e+54 | 6.20760540642e+53 | 2.43752843269e+54 | 2.02277072225e+55 |
|   18.918927027 | 2.03497217654e+54 | 6.29521058414e+53 | 2.48721865412e+54 | 2.06556110907e+55 |
|  19.0190271171 | 2.07779687326e+54 | 6.38364101727e+53 | 2.53770123889e+54 | 2.10902933848e+55 |
|  19.1191272072 | 2.12129536286e+54 | 6.47290113651e+53 | 2.58898515757e+54 |  2.1531815533e+55 |
|  19.2192272973 | 2.16547369827e+54 | 6.56299541782e+53 | 2.64107942248e+54 | 2.19802386565e+55 |
|  19.3193273874 |  2.2103378309e+54 | 6.65392834118e+53 |  2.6939930937e+54 | 2.24356235557e+55 |
|  19.4194274775 | 2.25589375829e+54 | 6.74570438589e+53 | 2.74773527098e+54 | 2.28980304408e+55 |
|  19.5195275676 | 2.30214747839e+54 | 6.83832804931e+53 | 2.80231510167e+54 | 2.33675202326e+55 |
|  19.6196276577 |  2.3491054455e+54 |  6.9318038538e+53 | 2.85774177354e+54 | 2.38441583527e+55 |
|  19.7197277477 | 2.39677468698e+54 | 7.02613629387e+53 | 2.91402451179e+54 | 2.43280161313e+55 |
|  19.8198278378 | 2.44516226366e+54 | 7.12132990849e+53 | 2.97117259799e+54 | 2.48191652378e+55 |
|  19.9199279279 | 2.49427526951e+54 | 7.21738923691e+53 | 3.02919532383e+54 | 2.53176776783e+55 |
|   20.020028018 | 2.54412083183e+54 | 7.31431882712e+53 | 3.08810205132e+54 | 2.58236257972e+55 |
|  20.1201281081 | 2.59470611117e+54 | 7.41212323881e+53 | 3.14790216284e+54 | 2.63370822762e+55 |
|  20.2202281982 | 2.64603830131e+54 |  7.5108070427e+53 | 3.20860508002e+54 | 2.68581201346e+55 |
|  20.3203282883 | 2.69812462927e+54 | 7.61037481854e+53 | 3.27022026462e+54 | 2.73868127287e+55 |
|  20.4204283784 | 2.75097235525e+54 | 7.71083115773e+53 | 3.33275720308e+54 |  2.7923233752e+55 |
|  20.5205284685 | 2.80458877263e+54 | 7.81218065755e+53 |  3.3962254533e+54 | 2.84674572345e+55 |
|  20.6206285586 | 2.85898120798e+54 | 7.91442793146e+53 | 3.46063454434e+54 | 2.90195575432e+55 |
|  20.7207286486 | 2.91415702091e+54 | 8.01757759846e+53 | 3.52599409475e+54 | 2.95796093805e+55 |
|  20.8208287387 | 2.97012360437e+54 | 8.12163428914e+53 | 3.59231371279e+54 | 3.01476877871e+55 |
|  20.9209288288 | 3.02688838422e+54 | 8.22660264312e+53 | 3.65960306658e+54 | 3.07238681379e+55 |
|  21.0210289189 | 3.08445881948e+54 | 8.33248731031e+53 | 3.72787183831e+54 | 3.13082261443e+55 |
|   21.121129009 | 3.14284240224e+54 | 8.43929295214e+53 | 3.79712974391e+54 | 3.19008378531e+55 |
|  21.2212290991 | 3.20204665762e+54 | 8.54702423626e+53 |  3.8673865223e+54 | 3.25017796471e+55 |
|  21.3213291892 | 3.26207914382e+54 | 8.65568584158e+53 | 3.93865193813e+54 | 3.31111282439e+55 |
|  21.4214292793 |   3.322947452e+54 |  8.7652824566e+53 | 4.01093578972e+54 | 3.37289606966e+55 |
|  21.5215293694 | 3.38465920637e+54 | 8.87581877856e+53 | 4.08424788686e+54 | 3.43553543931e+55 |
|  21.6216294595 | 3.44722206409e+54 | 8.98729952106e+53 | 4.15859806873e+54 |  3.4990387056e+55 |
|  21.7217295495 | 3.51064371523e+54 | 9.09972939413e+53 | 4.23399619044e+54 | 3.56341367419e+55 |
|  21.8218296396 | 3.57493188299e+54 | 9.21311310852e+53 | 4.31045214035e+54 | 3.62866818438e+55 |
|  21.9219297297 | 3.64009432332e+54 | 9.32745541354e+53 | 4.38797580757e+54 |  3.6948101087e+55 |
|  22.0220298198 | 3.70613882513e+54 | 9.44276106469e+53 | 4.46657710888e+54 | 3.76184735313e+55 |
|  22.1221299099 | 3.77307321023e+54 | 9.55903479142e+53 | 4.54626599544e+54 | 3.82978785706e+55 |
|       22.22223 |  3.8409053333e+54 | 9.67628136143e+53 | 4.62705235638e+54 | 3.89863959325e+55 |
|  22.3223300901 | 3.90964308189e+54 |  9.7945055861e+53 | 4.70894621033e+54 | 3.96841056778e+55 |
|  22.4224301802 | 3.97929437638e+54 | 9.91371218653e+53 | 4.79195751567e+54 |  4.0391088201e+55 |
|  22.5225302703 | 4.04986716997e+54 | 1.00339059733e+54 |  4.8760962432e+54 | 4.11074242297e+55 |
|  22.6226303604 | 4.12136944867e+54 | 1.01550917413e+54 | 4.96137240461e+54 | 4.18331948243e+55 |
|  22.7227304505 | 4.19380923129e+54 | 1.02772741528e+54 | 5.04779596201e+54 | 4.25684813782e+55 |
|  22.8228305405 | 4.26719456932e+54 | 1.04004584439e+54 | 5.13537696793e+54 | 4.33133656167e+55 |
|  22.9229306306 | 4.34153354725e+54 | 1.05246490172e+54 | 5.22412542136e+54 | 4.40679295997e+55 |
|  23.0230307207 | 4.41683428205e+54 | 1.06498508417e+54 | 5.31405134135e+54 | 4.48322557172e+55 |
|  23.1231308108 | 4.49310492352e+54 | 1.07760687564e+54 | 5.40516474426e+54 | 4.56064266921e+55 |
|  23.2232309009 | 4.57035365416e+54 | 1.09033075992e+54 | 5.49747565789e+54 | 4.63905255793e+55 |
|   23.323330991 | 4.64858868914e+54 | 1.10315722376e+54 | 5.59099410482e+54 | 4.71846357655e+55 |
|  23.4234310811 |  4.7278182763e+54 | 1.11608675205e+54 | 5.68573010317e+54 | 4.79888409689e+55 |
|  23.5235311712 | 4.80805069617e+54 | 1.12911983271e+54 | 5.78169366898e+54 | 4.88032252393e+55 |
|  23.6236312613 | 4.88929426187e+54 | 1.14225695288e+54 | 5.87889481634e+54 | 4.96278729577e+55 |
|  23.7237313514 | 4.97155731918e+54 | 1.15549860143e+54 | 5.97734355468e+54 | 5.04628688361e+55 |
|  23.8238314414 | 5.05484824637e+54 | 1.16884526747e+54 | 6.07704988229e+54 | 5.13082979169e+55 |
|  23.9239315315 | 5.13917545458e+54 | 1.18229744042e+54 | 6.17802379711e+54 | 5.21642455755e+55 |
|  24.0240316216 | 5.22454738725e+54 | 1.19585561305e+54 | 6.28027524683e+54 | 5.30307975156e+55 |
|  24.1241317117 | 5.31097252046e+54 | 1.20952027339e+54 | 6.38381423962e+54 | 5.39080397722e+55 |
|  24.2242318018 | 5.39845936285e+54 | 1.22329191694e+54 | 6.48865070772e+54 | 5.47960587105e+55 |
|  24.3243318919 | 5.48701645555e+54 | 1.23717103444e+54 |  6.5947946032e+54 | 5.56949410258e+55 |
|   24.424431982 | 5.57665237223e+54 | 1.25115812079e+54 | 6.70225582342e+54 | 5.66047737434e+55 |
|  24.5245320721 | 5.66737571903e+54 | 1.26525366932e+54 |  6.8110442929e+54 | 5.75256442184e+55 |
|  24.6246321622 | 5.75919513458e+54 |  1.2794581757e+54 | 6.92116988811e+54 | 5.84576401356e+55 |
|  24.7247322523 | 5.85211928996e+54 | 1.29377213522e+54 | 7.03264246025e+54 | 5.94008495092e+55 |
|  24.8248323423 |  5.9461568886e+54 | 1.30819604419e+54 | 7.14547186154e+54 | 6.03553606817e+55 |
|  24.9249324324 | 6.04131666665e+54 | 1.32273039974e+54 | 7.25966790036e+54 | 6.13212623277e+55 |
|  25.0250325225 | 6.13760739237e+54 | 1.33737569874e+54 |  7.3752403525e+54 |  6.2298643448e+55 |
|  25.1251326126 | 6.23503786653e+54 | 1.35213243999e+54 | 7.49219899343e+54 |  6.3287593373e+55 |
|  25.2252327027 | 6.33361692227e+54 | 1.36700112345e+54 | 7.61055353381e+54 |  6.4288201762e+55 |
|  25.3253327928 |  6.4333534251e+54 |  1.3819822462e+54 | 7.73031368173e+54 | 6.53005586026e+55 |
|  25.4254328829 | 6.53425627288e+54 | 1.39707631032e+54 | 7.85148909671e+54 | 6.63247542109e+55 |
|   25.525532973 |  6.6363343958e+54 | 1.41228381546e+54 | 7.97408940603e+54 | 6.73608792311e+55 |
|  25.6256330631 | 6.73959675637e+54 |  1.4276052627e+54 | 8.09812420335e+54 | 6.84090246356e+55 |
|  25.7257331532 | 6.84405234939e+54 | 1.44304115418e+54 | 8.22360303706e+54 | 6.94692817244e+55 |
|  25.8258332432 | 6.94971020188e+54 | 1.45859199178e+54 | 8.35053543912e+54 | 7.05417421244e+55 |
|  25.9259333333 |  7.0565793734e+54 |  1.4742582795e+54 | 8.47893085369e+54 | 7.16264977934e+55 |
|  26.0260334234 |  7.1646689555e+54 | 1.49004052088e+54 | 8.60879873887e+54 |  7.2723641013e+55 |
|  26.1261335135 | 7.27398807203e+54 |  1.5059392186e+54 | 8.74014746958e+54 | 7.38332643935e+55 |
|  26.2262336036 | 7.38454587911e+54 | 1.52195487721e+54 | 8.87298929678e+54 | 7.49554608722e+55 |
|  26.3263336937 | 7.49635156503e+54 | 1.53808800185e+54 | 9.00733075403e+54 | 7.60903237133e+55 |
|  26.4264337838 | 7.60941435032e+54 |  1.5543391003e+54 | 9.14318269403e+54 | 7.72379465079e+55 |
|  26.5265338739 | 7.72374348766e+54 | 1.57070867585e+54 | 9.28055623446e+54 | 7.83984231737e+55 |
|   26.626633964 |  7.8393482619e+54 | 1.58719723516e+54 | 9.41946253166e+54 | 7.95718479549e+55 |
|  26.7267340541 | 7.95623799006e+54 | 1.60380528644e+54 | 9.55991278058e+54 | 8.07583154221e+55 |
|  26.8268341441 | 8.07442202117e+54 | 1.62053333642e+54 | 9.70191821466e+54 | 8.19579204709e+55 |
|  26.9269342342 | 8.19390973672e+54 |  1.6373818926e+54 | 9.84549010636e+54 | 8.31707583264e+55 |
|  27.0270343243 | 8.31471054999e+54 | 1.65435146403e+54 | 9.99063976629e+54 | 8.43969245362e+55 |
|  27.1271344144 | 8.43683390643e+54 | 1.67144255833e+54 | 1.01373785438e+55 | 8.56365149748e+55 |
|  27.2272345045 | 8.56028928359e+54 |  1.6886556855e+54 | 1.02857178267e+55 | 8.68896258423e+55 |
|  27.3273345946 | 8.68508619109e+54 | 1.70599135542e+54 | 1.04356690414e+55 | 8.81563536642e+55 |
|  27.4274346847 | 8.81123417059e+54 | 1.72345007723e+54 | 1.05872436528e+55 | 8.94367952914e+55 |
|  27.5275347748 | 8.93874279578e+54 | 1.74103236094e+54 | 1.07404531642e+55 | 9.07310478998e+55 |
|  27.6276348649 | 9.06762167237e+54 | 1.75873871617e+54 | 1.08953091176e+55 | 9.20392089906e+55 |
|   27.727734955 | 9.19788043809e+54 | 1.77656965726e+54 | 1.10518230933e+55 | 9.33613763895e+55 |
|   27.827835045 | 9.32952876252e+54 | 1.79452569257e+54 | 1.12100067098e+55 | 9.46976482459e+55 |
|  27.9279351351 |  9.4625763476e+54 | 1.81260733514e+54 | 1.13698716247e+55 | 9.60481230376e+55 |
|  28.0280352252 | 9.59703292687e+54 |  1.8308150955e+54 | 1.15314295334e+55 | 9.74128995629e+55 |
|  28.1281353153 | 9.73290826591e+54 | 1.84914948927e+54 | 1.16946921698e+55 | 9.87920769458e+55 |
|  28.2282354054 | 9.87021216227e+54 | 1.86761102557e+54 | 1.18596713063e+55 | 1.00185754634e+56 |
|  28.3283354955 | 1.00089544454e+55 | 1.88620021772e+54 | 1.20263787537e+55 |   1.015940324e+56 |
|  28.4284355856 | 1.01491449767e+55 | 1.90491757856e+54 | 1.21948263608e+55 |  1.0301701034e+56 |
|  28.5285356757 | 1.02907936493e+55 | 1.92376362451e+54 | 1.23650260152e+55 | 1.04454788873e+56 |
|  28.6286357658 | 1.04339103884e+55 | 1.94273886627e+54 | 1.25369896424e+55 | 1.05907468742e+56 |
|  28.7287358559 | 1.05785051511e+55 | 1.96184381853e+54 | 1.27107292064e+55 | 1.07375151014e+56 |
|  28.8288359459 |  1.0724587926e+55 | 1.98107899544e+54 | 1.28862567093e+55 | 1.08857937078e+56 |
|   28.928936036 |  1.0872168734e+55 | 2.00044490825e+54 | 1.30635841918e+55 | 1.10355928649e+56 |
|  29.0290361261 | 1.10212576276e+55 | 2.01994207999e+54 | 1.32427237325e+55 | 1.11869227762e+56 |
|  29.1291362162 | 1.11718646911e+55 |  2.0395710153e+54 | 1.34236874483e+55 | 1.13397936776e+56 |
|  29.2292363063 | 1.13240000405e+55 | 2.05933223812e+54 | 1.36064874944e+55 | 1.14942158373e+56 |
|  29.3293363964 | 1.14776738237e+55 | 2.07922625655e+54 |  1.3791136064e+55 | 1.16501995557e+56 |
|  29.4294364865 | 1.16328962204e+55 | 2.09925358807e+54 | 1.39776453887e+55 | 1.18077551654e+56 |
|  29.5295365766 | 1.17896774421e+55 | 2.11941475683e+54 |  1.4166027738e+55 | 1.19668930314e+56 |
|  29.6296366667 | 1.19480277318e+55 | 2.13971025189e+54 | 1.43562954199e+55 | 1.21276235508e+56 |
|  29.7297367568 | 1.21079573645e+55 | 2.16014061562e+54 | 1.45484607801e+55 | 1.22899571529e+56 |
|  29.8298368468 | 1.22694766465e+55 | 2.18070635445e+54 | 1.47425362025e+55 |  1.2453904299e+56 |
|  29.9299369369 | 1.24325959165e+55 | 2.20140798394e+54 | 1.49385341095e+55 | 1.26194754832e+56 |
|   30.030037027 | 1.25973255443e+55 | 2.22224602013e+54 | 1.51364669612e+55 | 1.27866812312e+56 |
|  30.1301371171 | 1.27636759316e+55 | 2.24322097915e+54 | 1.53363472558e+55 | 1.29555321009e+56 |
|  30.2302372072 | 1.29316575115e+55 | 2.26433337776e+54 | 1.55381875295e+55 | 1.31260386825e+56 |
|  30.3303372973 | 1.31012807492e+55 | 2.28558373271e+54 | 1.57420003566e+55 | 1.32982115983e+56 |
|  30.4304373874 | 1.32725561412e+55 | 2.30697257017e+54 | 1.59477983494e+55 | 1.34720615026e+56 |
|  30.5305374775 | 1.34454942157e+55 | 2.32850036195e+54 | 1.61555941583e+55 | 1.36475990818e+56 |
|  30.6306375676 | 1.36201055325e+55 | 2.35016767591e+54 | 1.63654004714e+55 | 1.38248350546e+56 |
|  30.7307376577 | 1.37964006831e+55 | 2.37197500472e+54 | 1.65772300151e+55 | 1.40037801715e+56 |
|  30.8308377477 | 1.39743902901e+55 | 2.39392286993e+54 | 1.67910955532e+55 | 1.41844452151e+56 |
|  30.9309378378 | 1.41540850086e+55 | 2.41601178367e+54 | 1.70070098884e+55 | 1.43668410003e+56 |
|  31.0310379279 | 1.43354955245e+55 |  2.4382422678e+54 | 1.72249858604e+55 | 1.45509783738e+56 |
|   31.131138018 | 1.45186325554e+55 | 2.46061481158e+54 | 1.74450363471e+55 | 1.47368682143e+56 |
|  31.2312381081 | 1.47035068505e+55 | 2.48312999431e+54 | 1.76671742644e+55 | 1.49245214325e+56 |
|  31.3313381982 | 1.48901291906e+55 | 2.50578826975e+54 |  1.7891412566e+55 | 1.51139489712e+56 |
|  31.4314382883 | 1.50785103877e+55 | 2.52859016973e+54 | 1.81177642432e+55 | 1.53051618052e+56 |
|  31.5315383784 | 1.52686612856e+55 | 2.55153616205e+54 | 1.83462423256e+55 |  1.5498170941e+56 |
|  31.6316384685 | 1.54605927594e+55 | 2.57462693111e+54 | 1.85768598803e+55 | 1.56929874174e+56 |
|  31.7317385586 | 1.56543157158e+55 |  2.5978628149e+54 | 1.88096300123e+55 | 1.58896223049e+56 |
|  31.8318386486 | 1.58498410927e+55 | 2.62124438837e+54 | 1.90445658641e+55 | 1.60880867057e+56 |
|  31.9319387387 |   1.604717986e+55 | 2.64477216732e+54 | 1.92816806168e+55 | 1.62883917548e+56 |
|  32.0320388288 | 1.62463430183e+55 | 2.66844666475e+54 | 1.95209874884e+55 | 1.64905486182e+56 |
|  32.1321389189 | 1.64473416002e+55 | 2.69226839568e+54 |  1.9762499735e+55 | 1.66945684941e+56 |
|   32.232239009 | 1.66501866693e+55 | 2.71623787451e+54 | 2.00062306504e+55 | 1.69004626125e+56 |
|  32.3323390991 | 1.68548893207e+55 | 2.74035561595e+54 | 2.02521935661e+55 | 1.71082422354e+56 |
|  32.4324391892 | 1.70614606811e+55 | 2.76462213299e+54 | 2.05004018512e+55 | 1.73179186566e+56 |
|  32.5325392793 | 1.72699119082e+55 | 2.78903793885e+54 | 2.07508689128e+55 | 1.75295032016e+56 |
|  32.6326393694 | 1.74802541914e+55 | 2.81360354815e+54 | 2.10036081953e+55 | 1.77430072279e+56 |
|  32.7327394595 | 1.76924987512e+55 | 2.83831947239e+54 |  2.1258633181e+55 | 1.79584421248e+56 |
|  32.8328395495 | 1.79066568392e+55 | 2.86318622369e+54 | 2.15159573895e+55 | 1.81758193129e+56 |
|  32.9329396396 | 1.81227397392e+55 | 2.88820431502e+54 | 2.17755943787e+55 | 1.83951502457e+56 |
|  33.0330397297 | 1.83407587655e+55 | 2.91337426155e+54 | 2.20375577435e+55 | 1.86164464074e+56 |
|  33.1331398198 | 1.85607252637e+55 | 2.93869657068e+54 | 2.23018611167e+55 | 1.88397193144e+56 |
|  33.2332399099 | 1.87826506111e+55 | 2.96417175546e+54 | 2.25685181683e+55 | 1.90649805148e+56 |
|       33.33334 |  1.9006546216e+55 | 2.98980033066e+54 | 2.28375426064e+55 | 1.92922415884e+56 |
|  33.4334400901 | 1.92324235179e+55 | 3.01558279528e+54 | 2.31089481762e+55 | 1.95215141469e+56 |
|  33.5335401802 | 1.94602939877e+55 | 3.04151967295e+54 | 2.33827486607e+55 | 1.97528098333e+56 |
|  33.6336402703 | 1.96901691275e+55 | 3.06761146434e+54 | 2.36589578804e+55 | 1.99861403228e+56 |
|  33.7337403604 | 1.99220604705e+55 | 3.09385868758e+54 | 2.39375896932e+55 |  2.0221517322e+56 |
|  33.8338404505 | 2.01559795813e+55 | 3.12026184087e+54 | 2.42186579946e+55 | 2.04589525691e+56 |
|  33.9339405405 | 2.03919380553e+55 | 3.14682143969e+54 | 2.45021767171e+55 |  2.0698457834e+56 |
|  34.0340406306 | 2.06299475199e+55 | 3.17353799215e+54 | 2.47881598318e+55 | 2.09400449186e+56 |
|  34.1341407207 | 2.08700196327e+55 | 3.20041200445e+54 | 2.50766213463e+55 | 2.11837256561e+56 |
|  34.2342408108 | 2.11121660831e+55 |  3.2274439844e+54 | 2.53675753057e+55 | 2.14295119114e+56 |
|  34.3343409009 | 2.13563985913e+55 | 3.25463443562e+54 | 2.56610357929e+55 | 2.16774155809e+56 |
|   34.434440991 | 2.16027289087e+55 | 3.28198387087e+54 | 2.59570169279e+55 | 2.19274485928e+56 |
|  34.5345410811 | 2.18511688181e+55 | 3.30949279015e+54 | 2.62555328682e+55 | 2.21796229067e+56 |
|  34.6346411712 | 2.21017301331e+55 | 3.33716169849e+54 | 2.65565978087e+55 | 2.24339505139e+56 |
|  34.7347412613 | 2.23544246984e+55 | 3.36499110033e+54 | 2.68602259816e+55 | 2.26904434373e+56 |
|  34.8348413514 |   2.260926439e+55 | 3.39298150575e+54 | 2.71664316567e+55 | 2.29491137312e+56 |
|  34.9349414414 | 2.28662611145e+55 | 3.42113341164e+54 | 2.74752291404e+55 | 2.32099734814e+56 |
|  35.0350415315 | 2.31254268105e+55 | 3.44944732133e+54 | 2.77866327777e+55 | 2.34730348057e+56 |
|  35.1351416216 | 2.33867734467e+55 | 3.47792374152e+54 | 2.81006569498e+55 | 2.37383098529e+56 |
|  35.2352417117 | 2.36503130233e+55 |  3.5065631691e+54 | 2.84173160756e+55 | 2.40058108035e+56 |
|  35.3353418018 | 2.39160575714e+55 | 3.53536610692e+54 | 2.87366246113e+55 | 2.42755498694e+56 |
|  35.4354418919 | 2.41840191532e+55 | 3.56433304744e+54 | 2.90585970502e+55 | 2.45475392942e+56 |
|   35.535541982 | 2.44542098618e+55 | 3.59346451195e+54 |  2.9383247923e+55 | 2.48217913527e+56 |
|  35.6356420721 | 2.47266418213e+55 |  3.6227609796e+54 | 2.97105917977e+55 | 2.50983183513e+56 |
|  35.7357421622 | 2.50013271869e+55 | 3.65222294961e+54 | 3.00406432794e+55 | 2.53771326279e+56 |
|  35.8358422523 | 2.52782781447e+55 | 3.68185092985e+54 | 3.03734170104e+55 | 2.56582465518e+56 |
|  35.9359423423 | 2.55575069114e+55 | 3.71164540845e+54 |   3.070892767e+55 | 2.59416725233e+56 |
|  36.0360424324 | 2.58390257356e+55 | 3.74160688103e+54 | 3.10471899754e+55 | 2.62274229751e+56 |
|  36.1361425225 |  2.6122846896e+55 | 3.77173585414e+54 | 3.13882186804e+55 | 2.65155103704e+56 |
|  36.2362426126 | 2.64089827024e+55 | 3.80203281013e+54 |  3.1732028576e+55 | 2.68059472042e+56 |
|  36.3363427027 | 2.66974454955e+55 | 3.83249824749e+54 | 3.20786344904e+55 | 2.70987460027e+56 |
|  36.4364427928 | 2.69882476472e+55 | 3.86313266055e+54 | 3.24280512889e+55 | 2.73939193235e+56 |
|  36.5365428829 | 2.72814015599e+55 | 3.89393653839e+54 | 3.27802938739e+55 | 2.76914797557e+56 |
|   36.636642973 | 2.75769196672e+55 | 3.92491037621e+54 | 3.31353771851e+55 | 2.79914399196e+56 |
|  36.7367430631 | 2.78748144332e+55 | 3.95605465982e+54 | 3.34933161991e+55 | 2.82938124669e+56 |
|  36.8368431532 | 2.81750983533e+55 | 3.98736988197e+54 | 3.38541259296e+55 | 2.85986100806e+56 |
|  36.9369432432 |  2.8477783953e+55 | 4.01885653295e+54 | 3.42178214271e+55 | 2.89058454747e+56 |
|  37.0370433333 |   2.878288379e+55 | 4.05051509663e+54 |   3.458441778e+55 | 2.92155313953e+56 |
|  37.1371434234 | 2.90904104515e+55 | 4.08234606354e+54 | 3.49539301131e+55 | 2.95276806191e+56 |
|  37.2372435135 | 2.94003765561e+55 | 4.11434992226e+54 |  3.5326373588e+55 | 2.98423059543e+56 |
|  37.3373436036 |  2.9712794753e+55 | 4.14652714806e+54 | 3.57017634039e+55 | 3.01594202403e+56 |
|  37.4374436937 | 3.00276777224e+55 | 4.17887823801e+54 | 3.60801147965e+55 | 3.04790363477e+56 |
|  37.5375437838 | 3.03450381752e+55 | 4.21140366322e+54 | 3.64614430388e+55 | 3.08011671786e+56 |
|  37.6376438739 | 3.06648888529e+55 | 4.24410393632e+54 | 3.68457634407e+55 | 3.11258256661e+56 |
|   37.737743964 |  3.0987242528e+55 | 4.27697948063e+54 | 3.72330913489e+55 | 3.14530247745e+56 |
|  37.8378440541 | 3.13121120036e+55 | 4.31003081888e+54 | 3.76234421474e+55 | 3.17827774996e+56 |
|  37.9379441441 | 3.16395101133e+55 | 4.34325843888e+54 | 3.80168312563e+55 | 3.21150968676e+56 |
|  38.0380442342 | 3.19694497223e+55 | 4.37666278315e+54 | 3.84132741341e+55 | 3.24499959374e+56 |
|  38.1381443243 | 3.23019437257e+55 | 4.41024436243e+54 | 3.88127862749e+55 | 3.27874877977e+56 |
|  38.2382444144 | 3.26370050495e+55 | 4.44400363666e+54 | 3.92153832102e+55 | 3.31275855688e+56 |
|  38.3383445045 | 3.29746466504e+55 |  4.4779410843e+54 | 3.96210805084e+55 | 3.34703024023e+56 |
|  38.4384445946 | 3.33148815158e+55 | 4.51205717507e+54 | 4.00298937745e+55 | 3.38156514808e+56 |
|  38.5385446847 | 3.36577226639e+55 | 4.54635240026e+54 | 4.04418386506e+55 | 3.41636460181e+56 |
|  38.6386447748 | 3.40031831433e+55 | 4.58082721509e+54 | 4.08569308155e+55 | 3.45142992589e+56 |
|  38.7387448649 | 3.43512760335e+55 | 4.61548209266e+54 | 4.12751859851e+55 | 3.48676244794e+56 |
|   38.838844955 | 3.47020144445e+55 | 4.65031750234e+54 | 4.16966199118e+55 | 3.52236349867e+56 |
|   38.938945045 | 3.50554115166e+55 | 4.68533391734e+54 | 4.21212483846e+55 | 3.55823441185e+56 |
|  39.0390451351 | 3.54114804219e+55 | 4.72053181375e+54 | 4.25490872303e+55 | 3.59437652449e+56 |
|  39.1391452252 | 3.57702343618e+55 | 4.75591163908e+54 | 4.29801523116e+55 | 3.63079117659e+56 |
|  39.2392453153 | 3.61316865689e+55 | 4.79147386974e+54 | 4.34144595279e+55 | 3.66747971128e+56 |
|  39.3393454054 | 3.64958503063e+55 | 4.82721896925e+54 | 4.38520248159e+55 | 3.70444347482e+56 |
|  39.4394454955 | 3.68627388677e+55 | 4.86314739993e+54 | 4.42928641486e+55 | 3.74168381654e+56 |
|  39.5395455856 | 3.72323655772e+55 | 4.89925961907e+54 |  4.4736993536e+55 | 3.77920208891e+56 |
|  39.6396456757 | 3.76047437896e+55 | 4.93555610093e+54 | 4.51844290246e+55 | 3.81699964748e+56 |
|  39.7397457658 | 3.79798868904e+55 | 4.97203729034e+54 | 4.56351866978e+55 | 3.85507785089e+56 |
|  39.8398458559 | 3.83578082954e+55 | 5.00870365508e+54 | 4.60892826756e+55 | 3.89343806092e+56 |
|  39.9399459459 | 3.87385214506e+55 |  5.0455556486e+54 | 4.65467331142e+55 | 3.93208164236e+56 |
|   40.040046036 | 3.91220398337e+55 | 5.08259372019e+54 | 4.70075542078e+55 | 3.97100996324e+56 |
|  40.1401461261 | 3.95083769517e+55 | 5.11981833312e+54 | 4.74717621861e+55 | 4.01022439458e+56 |
|  40.2402462162 | 3.98975463426e+55 |  5.1572299392e+54 | 4.79393733157e+55 | 4.04972631051e+56 |
|  40.3403463063 | 4.02895615748e+55 | 5.19482898422e+54 | 4.84104038999e+55 | 4.08951708828e+56 |
|  40.4404463964 | 4.06844362472e+55 | 5.23261592674e+54 | 4.88848702786e+55 | 4.12959810821e+56 |
|  40.5405464865 |  4.1082183989e+55 | 5.27059121209e+54 | 4.93627888283e+55 | 4.16997075372e+56 |
|  40.6406465766 | 4.14828184602e+55 | 5.30875529294e+54 |  4.9844175962e+55 | 4.21063641132e+56 |
|  40.7407466667 |  4.1886353351e+55 | 5.34710860092e+54 | 5.03290481296e+55 | 4.25159647063e+56 |
|  40.8408467568 | 4.22928023821e+55 | 5.38565159616e+54 | 5.08174218171e+55 | 4.29285232433e+56 |
|  40.9409468468 | 4.27021793041e+55 | 5.42438471768e+54 | 5.13093135471e+55 | 4.33440536816e+56 |
|  41.0410469369 | 4.31144978994e+55 | 5.46330840283e+54 | 5.18047398797e+55 | 4.37625700108e+56 |
|   41.141147027 | 4.35297719795e+55 | 5.50242310248e+54 | 5.23037174104e+55 | 4.41840862499e+56 |
|  41.2412471171 | 4.39480153868e+55 | 5.54172924859e+54 | 5.28062627717e+55 | 4.46086164493e+56 |
|  41.3413472072 |  4.4369241994e+55 | 5.58122728124e+54 | 5.33123926324e+55 | 4.50361746904e+56 |
|  41.4414472973 | 4.47934657041e+55 | 5.62091763688e+54 | 5.38221236979e+55 | 4.54667750852e+56 |
|  41.5415473874 | 4.52207004506e+55 | 5.66080075055e+54 | 5.43354727102e+55 | 4.59004317765e+56 |
|  41.6416474775 | 4.56509601974e+55 | 5.70087705591e+54 | 5.48524564476e+55 |  4.6337158938e+56 |
|  41.7417475676 | 4.60842589385e+55 | 5.74114698552e+54 |  5.5373091725e+55 | 4.67769707744e+56 |
|  41.8418476577 | 4.65206106985e+55 | 5.78161097032e+54 | 5.58973953937e+55 | 4.72198815208e+56 |
|  41.9419477477 | 4.69600295317e+55 | 5.82226943817e+54 | 5.64253843409e+55 | 4.76659054429e+56 |
|  42.0420478378 | 4.74025295242e+55 | 5.86312281762e+54 | 5.69570754917e+55 | 4.81150568385e+56 |
|  42.1421479279 | 4.78481247909e+55 | 5.90417153501e+54 | 5.74924858063e+55 | 4.85673500347e+56 |
|   42.242248018 | 4.82968294776e+55 | 5.94541601365e+54 | 5.80316322816e+55 | 4.90227993898e+56 |
|  42.3423481081 | 4.87486577603e+55 | 5.98685667774e+54 |  5.8574531951e+55 |  4.9481419293e+56 |
|  42.4424481982 | 4.92036238453e+55 |  6.0284939487e+54 | 5.91212018842e+55 | 4.99432241642e+56 |
|  42.5425482883 | 4.96617419692e+55 | 6.07032824625e+54 | 5.96716591874e+55 | 5.04082284538e+56 |
|  42.6426483784 | 5.01230263987e+55 | 6.11235998878e+54 |  6.0225921003e+55 | 5.08764466432e+56 |
|  42.7427484685 |  5.0587491431e+55 | 6.15458959308e+54 | 6.07840045097e+55 | 5.13478932443e+56 |
|  42.8428485586 | 5.10551513934e+55 | 6.19701747417e+54 | 6.13459269229e+55 | 5.18225827998e+56 |
|  42.9429486486 | 5.15260206428e+55 |  6.2396440483e+54 | 6.19117054934e+55 | 5.23005298826e+56 |
|  43.0430487387 | 5.20001135682e+55 | 6.28246972668e+54 |   6.248135751e+55 | 5.27817490976e+56 |
|  43.1431488288 | 5.24774445868e+55 | 6.32549490395e+54 | 6.30549002963e+55 | 5.32662550791e+56 |
|  43.2432489189 | 5.29580281469e+55 | 6.36872001224e+54 | 6.36323512128e+55 | 5.37540624924e+56 |
|   43.343349009 | 5.34418787269e+55 | 6.41214544416e+54 | 6.42137276559e+55 | 5.42451860335e+56 |
|  43.4434490991 | 5.39290108353e+55 | 6.45577160999e+54 | 6.47990470587e+55 | 5.47396404291e+56 |
|  43.5435491892 | 5.44194390108e+55 | 6.49959891097e+54 | 6.53883268903e+55 | 5.52374404363e+56 |
|  43.6436492793 | 5.49131778223e+55 | 6.54362775466e+54 | 6.59815846561e+55 |  5.5738600843e+56 |
|  43.7437493694 | 5.54102418687e+55 | 6.58785852538e+54 | 6.65788378977e+55 | 5.62431364678e+56 |
|  43.8438494595 | 5.59106457794e+55 | 6.63229164705e+54 |  6.7180104193e+55 | 5.67510621596e+56 |
|  43.9439495495 |  5.6414404213e+55 | 6.67692750137e+54 | 6.77854011554e+55 | 5.72623927976e+56 |
|  44.0440496396 |   5.692153186e+55 | 6.72176647934e+54 | 6.83947464364e+55 | 5.77771432931e+56 |
|  44.1441497297 | 5.74320434395e+55 | 6.76680897865e+54 | 6.90081577219e+55 | 5.82953285864e+56 |
|  44.2442498198 |  5.7945953701e+55 | 6.81205539325e+54 | 6.96256527345e+55 | 5.88169636487e+56 |
|  44.3443499099 | 5.84632774244e+55 | 6.85750610463e+54 | 7.02472492329e+55 | 5.93420634821e+56 |
|       44.44445 | 5.89840294195e+55 | 6.90316150872e+54 | 7.08729650121e+55 |  5.9870643119e+56 |
|  44.5445500901 | 5.95082245262e+55 | 6.94902199324e+54 | 7.15028179031e+55 | 6.04027176223e+56 |
|  44.6446501802 | 6.00358776144e+55 | 6.99508793673e+54 | 7.21368257732e+55 | 6.09383020855e+56 |
|  44.7447502703 | 6.05670035843e+55 | 7.04135972418e+54 | 7.27750065256e+55 | 6.14774116327e+56 |
|  44.8448503604 | 6.11016173658e+55 | 7.08783773449e+54 | 7.34173780999e+55 | 6.20200614184e+56 |
|  44.9449504505 | 6.16397339192e+55 | 7.13452234797e+54 | 7.40639584715e+55 | 6.25662666275e+56 |
|  45.0450505405 |  6.2181368234e+55 | 7.18141394111e+54 | 7.47147656514e+55 |  6.3116042475e+56 |
|  45.1451506306 | 6.27265353316e+55 | 7.22851288896e+54 | 7.53698176886e+55 |  6.3669404208e+56 |
|  45.2452507207 | 6.32752502615e+55 |  7.2758195648e+54 | 7.60291326661e+55 | 6.42263671024e+56 |
|  45.3453508108 | 6.38275281041e+55 |  7.3233343403e+54 | 7.66927287038e+55 | 6.47869464649e+56 |
|  45.4454509009 | 6.43833839694e+55 | 7.37105758479e+54 | 7.73606239575e+55 |  6.5351157633e+56 |
|   45.545550991 | 6.49428329977e+55 |  7.4189896353e+54 | 7.80328366192e+55 | 6.59190159745e+56 |
|  45.6456510811 | 6.55058903592e+55 | 7.46713095231e+54 | 7.87093849166e+55 | 6.64905368874e+56 |
|  45.7457511712 | 6.60725712539e+55 | 7.51548180419e+54 | 7.93902871137e+55 | 6.70657358005e+56 |
|  45.8458512613 |  6.6642890912e+55 | 7.56404258872e+54 | 8.00755615104e+55 | 6.76446281728e+56 |
|  45.9459513514 | 6.72168645936e+55 | 7.61281364765e+54 | 8.07652264426e+55 | 6.82272294936e+56 |
|  46.0460514414 |  6.7794507588e+55 | 7.66179536665e+54 | 8.14593002814e+55 | 6.88135552822e+56 |
|  46.1461515315 | 6.83758352162e+55 | 7.71098807277e+54 | 8.21578014361e+55 |   6.940362109e+56 |
|  46.2462516216 | 6.89608628276e+55 | 7.76039214936e+54 | 8.28607483498e+55 |  6.9997442497e+56 |
|  46.3463517117 |  6.9549605802e+55 | 7.81000793152e+54 | 8.35681595022e+55 | 7.05950351141e+56 |
|  46.4464518018 | 7.01420795489e+55 | 7.85983577047e+54 | 8.42800534089e+55 | 7.11964145825e+56 |
|  46.5465518919 |  7.0738299508e+55 | 7.90987601722e+54 | 8.49964486215e+55 |  7.1801596574e+56 |
|   46.646651982 | 7.13382811487e+55 | 7.96012901782e+54 | 8.57173637276e+55 | 7.24105967905e+56 |
|  46.7467520721 | 7.19420399703e+55 | 8.01059511528e+54 | 8.64428173506e+55 | 7.30234309643e+56 |
|  46.8468521622 |  7.2549591502e+55 | 8.06127465336e+54 | 8.71728281497e+55 | 7.36401148581e+56 |
|  46.9469522523 | 7.31609513029e+55 | 8.11216797557e+54 | 8.79074148201e+55 | 7.42606642647e+56 |
|  47.0470523423 | 7.37761349613e+55 | 8.16327542298e+54 | 8.86465960921e+55 | 7.48850950068e+56 |
|  47.1471524324 | 7.43951580971e+55 | 8.21459730696e+54 | 8.93903907341e+55 | 7.55134229392e+56 |
|  47.2472525225 | 7.50180363583e+55 | 8.26613397871e+54 | 9.01388175482e+55 |  7.6145663945e+56 |
|  47.3473526126 | 7.56447854235e+55 |  8.3178857895e+54 | 9.08918953728e+55 | 7.67818339383e+56 |
|  47.4474527027 | 7.62754210007e+55 | 8.36985304704e+54 | 9.16496430824e+55 | 7.74219488635e+56 |
|  47.5475527928 |  7.6909958828e+55 | 8.42203608269e+54 | 9.24120795874e+55 | 7.80660246953e+56 |
|  47.6476528829 | 7.75484146733e+55 | 8.47443521974e+54 | 9.31792238336e+55 | 7.87140774383e+56 |
|   47.747752973 | 7.81908043343e+55 | 8.52705078639e+54 | 9.39510948029e+55 | 7.93661231279e+56 |
|  47.8478530631 | 7.88371436383e+55 | 8.57988310974e+54 |  9.4727711513e+55 | 8.00221778292e+56 |
|  47.9479531532 | 7.94874484425e+55 | 8.63293250239e+54 | 9.55090930173e+55 | 8.06822576378e+56 |
|  48.0480532432 | 8.01417346333e+55 | 8.68619928303e+54 | 9.62952584042e+55 | 8.13463786789e+56 |
|  48.1481533333 | 8.08000181286e+55 | 8.73968376803e+54 | 9.70862268001e+55 | 8.20145571097e+56 |
|  48.2482534234 | 8.14623148744e+55 | 8.79338627145e+54 | 9.78820173649e+55 | 8.26868091158e+56 |
|  48.3483535135 | 8.21286408467e+55 | 8.84730710396e+54 | 9.86826492951e+55 | 8.33631509134e+56 |
|  48.4484536036 | 8.27990120516e+55 | 8.90144657438e+54 | 9.94881418227e+55 | 8.40435987492e+56 |
|  48.5485536937 | 8.34734445246e+55 | 8.95580498796e+54 | 1.00298514216e+56 | 8.47281688998e+56 |
|  48.6486537838 | 8.41519543313e+55 | 9.01038265727e+54 | 1.01113785778e+56 | 8.54168776721e+56 |
|  48.7487538739 | 8.48345575666e+55 | 9.06517987854e+54 | 1.01933975847e+56 | 8.61097414031e+56 |
|   48.848853964 | 8.55212703553e+55 | 9.12019695577e+54 |   1.027591038e+56 |   8.680677646e+56 |
|  48.9489540541 |  8.6212108852e+55 | 9.17543418519e+54 | 1.03589189047e+56 |   8.750799924e+56 |
|  49.0490541441 | 8.69070892401e+55 | 9.23089185788e+54 | 1.04424251033e+56 |   8.821342617e+56 |
|  49.1491542342 | 8.76062277347e+55 | 9.28657027929e+54 | 1.05264309241e+56 | 8.89230737087e+56 |
|  49.2492543243 | 8.83095405788e+55 | 9.34246974003e+54 | 1.06109383188e+56 | 8.96369583433e+56 |
|  49.3493544144 | 8.90170440453e+55 | 9.39859054345e+54 | 1.06959492429e+56 | 9.03550965913e+56 |
|  49.4494545045 | 8.97287544372e+55 | 9.45492786233e+54 |  1.0781465655e+56 | 9.10775050008e+56 |
|  49.5495545946 | 9.04446880869e+55 | 9.51149721197e+54 | 1.08674895177e+56 | 9.18042001496e+56 |
|  49.6496546847 | 9.11648613564e+55 | 9.56828368915e+54 | 1.09540227971e+56 | 9.25351986457e+56 |
|  49.7497547748 | 9.18892906373e+55 | 9.62529263031e+54 | 1.10410674625e+56 | 9.32705171272e+56 |
|  49.8498548649 | 9.26179923511e+55 | 9.68252371765e+54 | 1.11286254873e+56 | 9.40101722623e+56 |
|   49.949954955 | 9.33509829486e+55 | 9.73997880273e+54 | 1.12166988479e+56 | 9.47541807491e+56 |
|   50.050055045 | 9.40882789096e+55 | 9.79765697873e+54 | 1.13052895247e+56 | 9.55025593151e+56 |
|  50.1501551351 | 9.48298967456e+55 |  9.8555585714e+54 | 1.13943995015e+56 |   9.625532472e+56 |
|  50.2502552252 | 9.55758529956e+55 | 9.91368398716e+54 | 1.14840307657e+56 | 9.70124937514e+56 |
|  50.3503553153 | 9.63261642288e+55 | 9.97203363238e+54 |  1.1574185308e+56 | 9.77740832277e+56 |
|  50.4504554054 | 9.70808470441e+55 | 1.00306079133e+55 |  1.1664865123e+56 | 9.85401099971e+56 |
|  50.5505554955 | 9.78399180698e+55 | 1.00894072362e+55 | 1.17560722087e+56 | 9.93105909379e+56 |
|  50.6506555856 | 9.86033939638e+55 |  1.0148432007e+55 | 1.18478085666e+56 | 1.00085542958e+57 |
|  50.7507556757 | 9.93712914135e+55 | 1.02076826317e+55 | 1.19400762018e+56 | 1.00864982997e+57 |
|  50.8508557658 | 1.00143627136e+56 | 1.02671595161e+55 | 1.20328771229e+56 | 1.01648928022e+57 |
|  50.9509558559 | 1.00920417878e+56 |  1.0326863066e+55 | 1.21262133422e+56 | 1.02437395031e+57 |
|  51.0510559459 | 1.01701680414e+56 |  1.0386793687e+55 | 1.22200868754e+56 | 1.03230401053e+57 |
|   51.151156036 | 1.02487431552e+56 | 1.04469517846e+55 | 1.23144997418e+56 | 1.04027963146e+57 |
|  51.2512561261 | 1.03277688126e+56 | 1.05073377642e+55 | 1.24094539643e+56 | 1.04830098398e+57 |
|  51.3513562162 |    1.04072467e+56 | 1.05679520311e+55 | 1.25049515691e+56 | 1.05636823927e+57 |
|  51.4514563063 | 1.04871785069e+56 | 1.06287949906e+55 | 1.26009945863e+56 | 1.06448156881e+57 |
|  51.5515563964 | 1.05675659255e+56 | 1.06898670477e+55 | 1.26975850493e+56 | 1.07264114438e+57 |
|  51.6516564865 | 1.06484106513e+56 | 1.07511686075e+55 |  1.2794724995e+56 | 1.08084713805e+57 |
|  51.7517565766 | 1.07297143823e+56 | 1.08127000747e+55 | 1.28924164641e+56 | 1.08909972221e+57 |
|  51.8518566667 | 1.08114788199e+56 | 1.08744618542e+55 | 1.29906615006e+56 | 1.09739906952e+57 |
|  51.9519567568 | 1.08937056681e+56 | 1.09364543507e+55 | 1.30894621522e+56 | 1.10574535297e+57 |
|  52.0520568468 |  1.0976396634e+56 | 1.09986779686e+55 | 1.31888204698e+56 | 1.11413874582e+57 |
|  52.1521569369 | 1.10595534277e+56 | 1.10611331126e+55 | 1.32887385084e+56 | 1.12257942165e+57 |
|   52.252257027 |  1.1143177762e+56 |  1.1123820187e+55 | 1.33892183261e+56 | 1.13106755433e+57 |
|  52.3523571171 |  1.1227271353e+56 | 1.11867395959e+55 | 1.34902619847e+56 | 1.13960331804e+57 |
|  52.4524572072 | 1.13118359194e+56 | 1.12498917437e+55 | 1.35918715494e+56 | 1.14818688723e+57 |
|  52.5525572973 |  1.1396873183e+56 | 1.13132770342e+55 | 1.36940490892e+56 | 1.15681843667e+57 |
|  52.6526573874 | 1.14823848686e+56 | 1.13768958715e+55 | 1.37967966762e+56 | 1.16549814142e+57 |
|  52.7527574775 | 1.15683727037e+56 | 1.14407486594e+55 | 1.39001163865e+56 | 1.17422617686e+57 |
|  52.8528575676 | 1.16548384191e+56 | 1.15048358016e+55 | 1.40040102995e+56 | 1.18300271864e+57 |
|  52.9529576577 | 1.17417837481e+56 | 1.15691577019e+55 |  1.4108480498e+56 | 1.19182794272e+57 |
|  53.0530577477 | 1.18292104273e+56 | 1.16337147636e+55 | 1.42135290685e+56 | 1.20070202534e+57 |
|  53.1531578378 | 1.19171201961e+56 | 1.16985073902e+55 | 1.43191581012e+56 | 1.20962514309e+57 |
|  53.2532579279 | 1.20055147968e+56 | 1.17635359852e+55 | 1.44253696894e+56 |  1.2185974728e+57 |
|   53.353358018 | 1.20943959747e+56 | 1.18288009517e+55 | 1.45321659303e+56 | 1.22761919162e+57 |
|  53.4534581081 | 1.21837654781e+56 | 1.18943026928e+55 | 1.46395489244e+56 |   1.236690477e+57 |
|  53.5535581982 | 1.22736250579e+56 | 1.19600416115e+55 | 1.47475207758e+56 | 1.24581150669e+57 |
|  53.6536582883 | 1.23639764684e+56 | 1.20260181108e+55 | 1.48560835921e+56 | 1.25498245873e+57 |
|  53.7537583784 | 1.24548214664e+56 | 1.20922325935e+55 | 1.49652394844e+56 | 1.26420351147e+57 |
|  53.8538584685 | 1.25461618119e+56 | 1.21586854623e+55 | 1.50749905675e+56 | 1.27347484353e+57 |
|  53.9539585586 | 1.26379992678e+56 | 1.22253771199e+55 | 1.51853389595e+56 | 1.28279663385e+57 |
|  54.0540586486 | 1.27303355998e+56 | 1.22923079686e+55 |  1.5296286782e+56 | 1.29216906166e+57 |
|  54.1541587387 | 1.28231725767e+56 |  1.2359478411e+55 | 1.54078361603e+56 | 1.30159230651e+57 |
|  54.2542588288 | 1.29165119701e+56 | 1.24268888494e+55 | 1.55199892232e+56 | 1.31106654821e+57 |
|  54.3543589189 | 1.30103555545e+56 |  1.2494539686e+55 | 1.56327481029e+56 | 1.32059196688e+57 |
|   54.454459009 | 1.31047051075e+56 |  1.2562431323e+55 | 1.57461149351e+56 | 1.33016874295e+57 |
|  54.5545590991 | 1.31995624094e+56 | 1.26305641622e+55 | 1.58600918591e+56 | 1.33979705713e+57 |
|  54.6546591892 | 1.32949292436e+56 | 1.26989386056e+55 | 1.59746810178e+56 | 1.34947709044e+57 |
|  54.7547592793 | 1.33908073963e+56 | 1.27675550551e+55 | 1.60898845572e+56 | 1.35920902419e+57 |
|  54.8548593694 | 1.34871986567e+56 | 1.28364139124e+55 | 1.62057046274e+56 | 1.36899303998e+57 |
|  54.9549594595 |  1.3584104817e+56 |  1.2905515579e+55 | 1.63221433817e+56 | 1.37882931972e+57 |
|  55.0550595495 | 1.36815276719e+56 | 1.29748604565e+55 | 1.64392029766e+56 |  1.3887180456e+57 |
|  55.1551596396 | 1.37794690197e+56 | 1.30444489463e+55 | 1.65568855728e+56 | 1.39865940013e+57 |
|  55.2552597297 | 1.38779306612e+56 | 1.31142814498e+55 |  1.6675193334e+56 |  1.4086535661e+57 |
|  55.3553598198 |    1.39769144e+56 | 1.31843583681e+55 | 1.67941284276e+56 |  1.4187007266e+57 |
|  55.4554599099 |  1.4076422043e+56 | 1.32546801024e+55 | 1.69136930245e+56 |   1.428801065e+57 |
|       55.55556 | 1.41764553996e+56 | 1.33252470537e+55 | 1.70338892989e+56 |   1.438954765e+57 |
|  55.6556600901 | 1.42770162825e+56 | 1.33960596229e+55 | 1.71547194287e+56 | 1.44916201058e+57 |
|  55.7557601802 |  1.4378106507e+56 | 1.34671182109e+55 | 1.72761855954e+56 | 1.45942298599e+57 |
|  55.8558602703 | 1.44797278916e+56 | 1.35384232183e+55 | 1.73982899837e+56 | 1.46973787581e+57 |
|  55.9559603604 | 1.45818822575e+56 | 1.36099750459e+55 |  1.7521034782e+56 | 1.48010686491e+57 |
|  56.0560604505 | 1.46845714288e+56 | 1.36817740941e+55 | 1.76444221823e+56 | 1.49053013845e+57 |
|  56.1561605405 | 1.47877972326e+56 | 1.37538207633e+55 | 1.77684543797e+56 | 1.50100788187e+57 |
|  56.2562606306 | 1.48915614991e+56 |  1.3826115454e+55 | 1.78931335734e+56 | 1.51154028094e+57 |
|  56.3563607207 | 1.49958660611e+56 | 1.38986585663e+55 | 1.80184619656e+56 |  1.5221275217e+57 |
|  56.4564608108 | 1.51007127544e+56 | 1.39714505005e+55 | 1.81444417621e+56 | 1.53276979049e+57 |
|  56.5565609009 | 1.52061034177e+56 | 1.40444916565e+55 | 1.82710751724e+56 | 1.54346727396e+57 |
|   56.656660991 | 1.53120398927e+56 | 1.41177824344e+55 | 1.83983644092e+56 | 1.55422015902e+57 |
|  56.7567610811 |  1.5418524024e+56 | 1.41913232339e+55 | 1.85263116889e+56 | 1.56502863292e+57 |
|  56.8568611712 |  1.5525557659e+56 | 1.42651144548e+55 | 1.86549192314e+56 | 1.57589288317e+57 |
|  56.9569612613 | 1.56331426481e+56 | 1.43391564969e+55 | 1.87841892599e+56 | 1.58681309759e+57 |
|  57.0570613514 | 1.57412808446e+56 | 1.44134497596e+55 | 1.89141240014e+56 | 1.59778946429e+57 |
|  57.1571614414 | 1.58499741044e+56 | 1.44879946424e+55 | 1.90447256859e+56 | 1.60882217168e+57 |
|  57.2572615315 |  1.5959224287e+56 | 1.45627915447e+55 | 1.91759965476e+56 | 1.61991140847e+57 |
|  57.3573616216 | 1.60690332541e+56 | 1.46378408659e+55 | 1.93079388235e+56 | 1.63105736365e+57 |
|  57.4574617117 | 1.61794028708e+56 |  1.4713143005e+55 | 1.94405547546e+56 | 1.64226022652e+57 |
|  57.5575618018 | 1.62903350046e+56 | 1.47886983612e+55 | 1.95738465849e+56 | 1.65352018665e+57 |
|  57.6576618919 | 1.64018315265e+56 | 1.48645073335e+55 | 1.97078165624e+56 | 1.66483743394e+57 |
|   57.757761982 | 1.65138943099e+56 | 1.49405703208e+55 | 1.98424669382e+56 | 1.67621215855e+57 |
|  57.8578620721 | 1.66265252313e+56 | 1.50168877219e+55 |  1.9977799967e+56 | 1.68764455096e+57 |
|  57.9579621622 | 1.67397261702e+56 | 1.50934599354e+55 | 2.01138179071e+56 | 1.69913480192e+57 |
|  58.0580622523 | 1.68534990087e+56 | 1.51702873601e+55 | 2.02505230201e+56 | 1.71068310251e+57 |
|  58.1581623423 | 1.69678456321e+56 | 1.52473703944e+55 |  2.0387917571e+56 | 1.72228964405e+57 |
|  58.2582624324 | 1.70827679285e+56 | 1.53247094368e+55 | 2.05260038289e+56 | 1.73395461822e+57 |
|  58.3583625225 | 1.71982677889e+56 | 1.54023048856e+55 | 2.06647840656e+56 | 1.74567821695e+57 |
|  58.4584626126 | 1.73143471072e+56 | 1.54801571391e+55 | 2.08042605568e+56 | 1.75746063247e+57 |
|  58.5585627027 | 1.74310077801e+56 | 1.55582665954e+55 | 2.09444355816e+56 | 1.76930205731e+57 |
|  58.6586627928 | 1.75482517072e+56 | 1.56366336526e+55 | 2.10853114225e+56 | 1.78120268429e+57 |
|  58.7587628829 | 1.76660807911e+56 | 1.57152587086e+55 | 2.12268903656e+56 | 1.79316270653e+57 |
|   58.858862973 | 1.77844969374e+56 | 1.57941421613e+55 | 2.13691747004e+56 | 1.80518231743e+57 |
|  58.9589630631 | 1.79035020543e+56 | 1.58732844085e+55 | 2.15121667199e+56 |  1.8172617107e+57 |
|  59.0590631532 |  1.8023098053e+56 | 1.59526858479e+55 | 2.16558687205e+56 | 1.82940108034e+57 |
|  59.1591632432 | 1.81432868476e+56 | 1.60323468769e+55 | 2.18002830021e+56 | 1.84160062062e+57 |
|  59.2592633333 | 1.82640703553e+56 | 1.61122678933e+55 | 2.19454118684e+56 | 1.85386052615e+57 |
|  59.3593634234 | 1.83854504959e+56 | 1.61924492944e+55 |  2.2091257626e+56 | 1.86618099179e+57 |
|  59.4594635135 | 1.85074291921e+56 | 1.62728914774e+55 | 2.22378225853e+56 | 1.87856221272e+57 |
|  59.5595636036 | 1.86300083698e+56 | 1.63535948397e+55 | 2.23851090602e+56 | 1.89100438439e+57 |
|  59.6596636937 | 1.87531899574e+56 | 1.64345597784e+55 |  2.2533119368e+56 | 1.90350770257e+57 |
|  59.7597637838 | 1.88769758864e+56 | 1.65157866904e+55 | 2.26818558294e+56 | 1.91607236329e+57 |
|  59.8598638739 | 1.90013680912e+56 | 1.65972759728e+55 | 2.28313207687e+56 | 1.92869856291e+57 |
|   59.959963964 | 1.91263685089e+56 | 1.66790280224e+55 | 2.29815165135e+56 | 1.94138649805e+57 |
|  60.0600640541 | 1.92519790797e+56 | 1.67610432359e+55 |  2.3132445395e+56 | 1.95413636565e+57 |
|  60.1601641441 | 1.93782017464e+56 | 1.68433220101e+55 | 2.32841097477e+56 | 1.96694836291e+57 |
|  60.2602642342 | 1.95050384552e+56 | 1.69258647415e+55 |   2.343651191e+56 | 1.97982268737e+57 |
|  60.3603643243 | 1.96324911546e+56 | 1.70086718267e+55 | 2.35896542233e+56 | 1.99275953682e+57 |
|  60.4604644144 | 1.97605617965e+56 |  1.7091743662e+55 | 2.37435390326e+56 | 2.00575910936e+57 |
|  60.5605645045 | 1.98892523352e+56 | 1.71750806437e+55 | 2.38981686863e+56 | 2.01882160338e+57 |
|  60.6606645946 | 2.00185647281e+56 | 1.72586831682e+55 | 2.40535455365e+56 | 2.03194721756e+57 |
|  60.7607646847 | 2.01485009356e+56 | 1.73425516314e+55 | 2.42096719385e+56 | 2.04513615087e+57 |
|  60.8608647748 | 2.02790629209e+56 | 1.74266864296e+55 | 2.43665502512e+56 |  2.0583886026e+57 |
|  60.9609648649 | 2.04102526498e+56 | 1.75110879585e+55 | 2.45241828369e+56 | 2.07170477228e+57 |
|   61.061064955 | 2.05420720915e+56 | 1.75957566141e+55 | 2.46825720613e+56 | 2.08508485978e+57 |
|   61.161165045 | 2.06745232174e+56 |  1.7680692792e+55 | 2.48417202936e+56 | 2.09852906522e+57 |
|  61.2612651351 | 2.08076080027e+56 | 1.77658968882e+55 | 2.50016299068e+56 | 2.11203758907e+57 |
|  61.3613652252 | 2.09413284246e+56 | 1.78513692981e+55 | 2.51623032768e+56 | 2.12561063204e+57 |
|  61.4614653153 | 2.10756864636e+56 | 1.79371104173e+55 | 2.53237427832e+56 | 2.13924839514e+57 |
|  61.5615654054 |  2.1210684103e+56 | 1.80231206411e+55 | 2.54859508092e+56 |  2.1529510797e+57 |
|  61.6616654955 | 2.13463233289e+56 | 1.81094003649e+55 | 2.56489297411e+56 | 2.16671888731e+57 |
|  61.7617655856 | 2.14826061305e+56 | 1.81959499839e+55 |  2.5812681969e+56 | 2.18055201986e+57 |
|  61.8618656757 | 2.16195344996e+56 | 1.82827698934e+55 | 2.59772098862e+56 | 2.19445067955e+57 |
|  61.9619657658 | 2.17571104309e+56 | 1.83698604882e+55 | 2.61425158897e+56 | 2.20841506884e+57 |
|  62.0620658559 | 2.18953359223e+56 | 1.84572221635e+55 | 2.63086023797e+56 | 2.22244539051e+57 |
|  62.1621659459 |  2.2034212974e+56 |  1.8544855314e+55 | 2.64754717598e+56 | 2.23654184761e+57 |
|   62.262266036 | 2.21737435897e+56 | 1.86327603347e+55 | 2.66431264375e+56 |  2.2507046435e+57 |
|  62.3623661261 | 2.23139297755e+56 | 1.87209376203e+55 | 2.68115688234e+56 | 2.26493398183e+57 |
|  62.4624662162 | 2.24547735407e+56 | 1.88093875653e+55 | 2.69808013316e+56 | 2.27923006652e+57 |
|  62.5625663063 | 2.25962768971e+56 | 1.88981105642e+55 | 2.71508263795e+56 | 2.29359310179e+57 |
|  62.6626663964 | 2.27384418597e+56 | 1.89871070117e+55 | 2.73216463882e+56 | 2.30802329217e+57 |
|  62.7627664865 | 2.28812704461e+56 | 1.90763773019e+55 | 2.74932637821e+56 | 2.32252084246e+57 |
|  62.8628665766 | 2.30247646771e+56 | 1.91659218291e+55 | 2.76656809891e+56 | 2.33708595775e+57 |
|  62.9629666667 |  2.3168926576e+56 | 1.92557409877e+55 | 2.78389004404e+56 | 2.35171884344e+57 |
|  63.0630667568 | 2.33137581691e+56 | 1.93458351716e+55 |  2.8012924571e+56 | 2.36641970521e+57 |
|  63.1631668468 | 2.34592614857e+56 | 1.94362047748e+55 | 2.81877558187e+56 |   2.381188749e+57 |
|  63.2632669369 | 2.36054385578e+56 | 1.95268501913e+55 | 2.83633966256e+56 | 2.39602618111e+57 |
|   63.363367027 | 2.37522914205e+56 |  1.9617771815e+55 | 2.85398494366e+56 | 2.41093220807e+57 |
|  63.4634671171 | 2.38998221113e+56 | 1.97089700397e+55 | 2.87171167002e+56 | 2.42590703673e+57 |
|  63.5635672072 |  2.4048032671e+56 | 1.98004452589e+55 | 2.88952008684e+56 | 2.44095087421e+57 |
|  63.6636672973 | 2.41969251431e+56 | 1.98921978662e+55 | 2.90741043965e+56 | 2.45606392795e+57 |
|  63.7637673874 |  2.4346501574e+56 | 1.99842282552e+55 | 2.92538297434e+56 | 2.47124640564e+57 |
|  63.8638674775 | 2.44967640128e+56 | 2.00765368192e+55 | 2.94343793714e+56 |  2.4864985153e+57 |
|  63.9639675676 | 2.46477145116e+56 | 2.01691239517e+55 | 2.96157557461e+56 | 2.50182046521e+57 |
|  64.0640676577 | 2.47993551254e+56 | 2.02619900457e+55 | 2.97979613367e+56 | 2.51721246396e+57 |
|  64.1641677477 | 2.49516879118e+56 | 2.03551354945e+55 | 2.99809986155e+56 |  2.5326747204e+57 |
|  64.2642678378 | 2.51047149318e+56 | 2.04485606911e+55 |  3.0164870059e+56 | 2.54820744374e+57 |
|  64.3643679279 | 2.52584382487e+56 | 2.05422660287e+55 | 3.03495781464e+56 |  2.5638108434e+57 |
|   64.464468018 | 2.54128599288e+56 | 2.06362518999e+55 | 3.05351253605e+56 | 2.57948512912e+57 |
|  64.5645681081 | 2.55679820415e+56 | 2.07305186977e+55 | 3.07215141877e+56 | 2.59523051095e+57 |
|  64.6646681982 | 2.57238066588e+56 | 2.08250668147e+55 | 3.09087471176e+56 | 2.61104719919e+57 |
|  64.7647682883 | 2.58803358555e+56 | 2.09198966437e+55 | 3.10968266434e+56 | 2.62693540447e+57 |
|  64.8648683784 | 2.60375717096e+56 | 2.10150085772e+55 | 3.12857552618e+56 | 2.64289533769e+57 |
|  64.9649684685 | 2.61955163015e+56 | 2.11104030076e+55 | 3.14755354726e+56 | 2.65892721003e+57 |
|  65.0650685586 | 2.63541717148e+56 | 2.12060803273e+55 | 3.16661697793e+56 | 2.67503123297e+57 |
|  65.1651686486 | 2.65135400357e+56 | 2.13020409287e+55 | 3.18576606886e+56 | 2.69120761826e+57 |
|  65.2652687387 | 2.66736233536e+56 | 2.13982852039e+55 | 3.20500107112e+56 | 2.70745657801e+57 |
|  65.3653688288 | 2.68344237604e+56 | 2.14948135452e+55 | 3.22432223605e+56 | 2.72377832453e+57 |
|  65.4654689189 | 2.69959433511e+56 | 2.15916263446e+55 | 3.24372981537e+56 | 2.74017307047e+57 |
|   65.565569009 | 2.71581842232e+56 |  2.1688723994e+55 | 3.26322406114e+56 | 2.75664102875e+57 |
|  65.6656690991 | 2.73211484775e+56 | 2.17861068854e+55 | 3.28280522574e+56 | 2.77318241259e+57 |
|  65.7657691892 | 2.74848382174e+56 | 2.18837754105e+55 | 3.30247356193e+56 | 2.78979743549e+57 |
|  65.8658692793 |  2.7649255549e+56 |  2.1981729961e+55 | 3.32222932278e+56 | 2.80648631124e+57 |
|  65.9659693694 | 2.78144025815e+56 | 2.20799709287e+55 | 3.34207276171e+56 | 2.82324925393e+57 |
|  66.0660694595 | 2.79802814269e+56 |  2.2178498705e+55 |  3.3620041325e+56 | 2.84008647793e+57 |
|  66.1661695495 | 2.81468941998e+56 | 2.22773136813e+55 | 3.38202368922e+56 | 2.85699819787e+57 |
|  66.2662696396 | 2.83142430183e+56 | 2.23764162493e+55 | 3.40213168637e+56 | 2.87398462875e+57 |
|  66.3663697297 | 2.84823300025e+56 | 2.24758068001e+55 | 3.42232837871e+56 | 2.89104598577e+57 |
|  66.4664698198 | 2.86511572759e+56 | 2.25754857249e+55 | 3.44261402138e+56 | 2.90818248447e+57 |
|  66.5665699099 | 2.88207269646e+56 |  2.2675453415e+55 | 3.46298886985e+56 | 2.92539434066e+57 |
|       66.66667 | 2.89910411977e+56 | 2.27757102613e+55 | 3.48345317994e+56 | 2.94268177043e+57 |
|  66.7667700901 |  2.9162102107e+56 | 2.28762566548e+55 | 3.50400720779e+56 | 2.96004499019e+57 |
|  66.8668701802 | 2.93339118272e+56 | 2.29770929865e+55 | 3.52465120992e+56 | 2.97748421661e+57 |
|  66.9669702703 | 2.95064724958e+56 | 2.30782196471e+55 | 3.54538544315e+56 | 2.99499966666e+57 |
|  67.0670703604 | 2.96797862533e+56 | 2.31796370274e+55 | 3.56621016468e+56 | 3.01259155759e+57 |
|  67.1671704505 | 2.98538552428e+56 |  2.3281345518e+55 |   3.587125632e+56 | 3.03026010694e+57 |
|  67.2672705405 | 3.00286816102e+56 | 2.33833455094e+55 | 3.60813210298e+56 | 3.04800553253e+57 |
|  67.3673706306 | 3.02042675047e+56 | 2.34856373923e+55 | 3.62922983585e+56 | 3.06582805252e+57 |
|  67.4674707207 |  3.0380615078e+56 | 2.35882215571e+55 | 3.65041908913e+56 | 3.08372788528e+57 |
|  67.5675708108 | 3.05577264846e+56 | 2.36910983939e+55 | 3.67170012172e+56 | 3.10170524952e+57 |
|  67.6676709009 | 3.07356038818e+56 | 2.37942682931e+55 | 3.69307319282e+56 | 3.11976036423e+57 |
|   67.767770991 | 3.09142494299e+56 | 2.38977316449e+55 | 3.71453856202e+56 | 3.13789344866e+57 |
|  67.8678710811 |  3.1093665292e+56 | 2.40014888393e+55 | 3.73609648921e+56 | 3.15610472238e+57 |
|  67.9679711712 |  3.1273853634e+56 | 2.41055402663e+55 | 3.75774723465e+56 | 3.17439440524e+57 |
|  68.0680712613 | 3.14548166246e+56 | 2.42098863158e+55 | 3.77949105891e+56 | 3.19276271736e+57 |
|  68.1681713514 | 3.16365564353e+56 | 2.43145273778e+55 | 3.80132822293e+56 | 3.21120987917e+57 |
|  68.2682714414 | 3.18190752405e+56 | 2.44194638417e+55 | 3.82325898795e+56 | 3.22973611136e+57 |
|  68.3683715315 | 3.20023752176e+56 | 2.45246960976e+55 | 3.84528361562e+56 | 3.24834163496e+57 |
|  68.4684716216 | 3.21864585465e+56 |  2.4630224535e+55 | 3.86740236786e+56 | 3.26702667123e+57 |
|  68.5685717117 | 3.23713274102e+56 | 2.47360495433e+55 | 3.88961550698e+56 | 3.28579144175e+57 |
|  68.6686718018 | 3.25569839944e+56 | 2.48421715119e+55 | 3.91192329558e+56 | 3.30463616837e+57 |
|  68.7687718919 | 3.27434304876e+56 | 2.49485908304e+55 | 3.93432599665e+56 | 3.32356107324e+57 |
|   68.868871982 | 3.29306690812e+56 | 2.50553078879e+55 | 3.95682387348e+56 | 3.34256637878e+57 |
|  68.9689720721 | 3.31187019693e+56 | 2.51623230736e+55 | 3.97941718973e+56 | 3.36165230772e+57 |
|  69.0690721622 | 3.33075313491e+56 | 2.52696367767e+55 | 4.00210620938e+56 | 3.38081908306e+57 |
|  69.1691722523 | 3.34971594203e+56 | 2.53772493862e+55 | 4.02489119676e+56 |  3.4000669281e+57 |
|  69.2692723423 | 3.36875883855e+56 | 2.54851612909e+55 |  4.0477724165e+56 | 3.41939606639e+57 |
|  69.3693724324 | 3.38788204505e+56 |   2.559337288e+55 | 4.07075013367e+56 | 3.43880672183e+57 |
|  69.4694725225 | 3.40708578235e+56 | 2.57018845422e+55 | 4.09382461358e+56 | 3.45829911857e+57 |
|  69.5695726126 | 3.42637027157e+56 | 2.58106966662e+55 | 4.11699612192e+56 | 3.47787348103e+57 |
|  69.6696727027 |  3.4457357341e+56 | 2.59198096406e+55 | 4.14026492471e+56 | 3.49753003396e+57 |
|  69.7697727928 | 3.46518239161e+56 |  2.6029223854e+55 | 4.16363128831e+56 | 3.51726900234e+57 |
|  69.8698728829 | 3.48471046609e+56 |  2.6138939695e+55 | 4.18709547942e+56 |  3.5370906115e+57 |
|   69.969972973 | 3.50432017976e+56 | 2.62489575518e+55 | 4.21065776508e+56 | 3.55699508701e+57 |
|  70.0700730631 | 3.52401175515e+56 |  2.6359277813e+55 | 4.23431841268e+56 | 3.57698265474e+57 |
|  70.1701731532 | 3.54378541508e+56 | 2.64699008666e+55 | 4.25807768993e+56 | 3.59705354085e+57 |
|  70.2702732432 | 3.56364138262e+56 | 2.65808271008e+55 | 4.28193586487e+56 | 3.61720797176e+57 |
|  70.3703733333 | 3.58357988116e+56 | 2.66920569039e+55 | 4.30589320593e+56 | 3.63744617425e+57 |
|  70.4704734234 | 3.60360113436e+56 | 2.68035906638e+55 | 4.32994998183e+56 |  3.6577683753e+57 |
|  70.5705735135 | 3.62370536615e+56 | 2.69154287685e+55 | 4.35410646164e+56 | 3.67817480223e+57 |
|  70.6706736036 | 3.64389280074e+56 | 2.70275716059e+55 | 4.37836291478e+56 | 3.69866568262e+57 |
|  70.7707736937 | 3.66416366263e+56 | 2.71400195636e+55 | 4.40271961098e+56 | 3.71924124435e+57 |
|  70.8708737838 | 3.68451817661e+56 | 2.72527730295e+55 | 4.42717682035e+56 | 3.73990171557e+57 |
|  70.9709738739 | 3.70495656773e+56 | 2.73658323912e+55 | 4.45173481331e+56 | 3.76064732473e+57 |
|   71.071073964 | 3.72547906135e+56 | 2.74791980361e+55 | 4.47639386062e+56 | 3.78147830056e+57 |
|  71.1711740541 | 3.74608588308e+56 |  2.7592870352e+55 | 4.50115423339e+56 | 3.80239487207e+57 |
|  71.2712741441 | 3.76677725882e+56 | 2.77068497259e+55 | 4.52601620303e+56 | 3.82339726856e+57 |
|  71.3713742342 | 3.78755341479e+56 | 2.78211365454e+55 | 4.55098004137e+56 | 3.84448571965e+57 |
|  71.4714743243 | 3.80841457744e+56 | 2.79357311978e+55 |  4.5760460205e+56 | 3.86566045519e+57 |
|  71.5715744144 | 3.82936097352e+56 | 2.80506340702e+55 | 4.60121441288e+56 | 3.88692170535e+57 |
|  71.6716745045 | 3.85039283007e+56 | 2.81658455496e+55 | 4.62648549131e+56 | 3.90826970056e+57 |
|  71.7717745946 |  3.8715103744e+56 | 2.82813660231e+55 | 4.65185952891e+56 | 3.92970467156e+57 |
|  71.8718746847 |  3.8927138341e+56 | 2.83971958776e+55 | 4.67733679915e+56 | 3.95122684936e+57 |
|  71.9719747748 | 3.91400343704e+56 | 2.85133355001e+55 | 4.70291757584e+56 | 3.97283646526e+57 |
|  72.0720748649 | 3.93537941139e+56 | 2.86297852773e+55 | 4.72860213311e+56 | 3.99453375085e+57 |
|   72.172174955 | 3.95684198558e+56 | 2.87465455959e+55 | 4.75439074547e+56 |   4.016318938e+57 |
|   72.272275045 | 3.97839138831e+56 | 2.88636168424e+55 | 4.78028368768e+56 | 4.03819225884e+57 |
|  72.3723751351 | 4.00002784861e+56 | 2.89809994037e+55 | 4.80628123497e+56 | 4.06015394586e+57 |
|  72.4724752252 | 4.02175159575e+56 | 2.90986936661e+55 |  4.8323836628e+56 | 4.08220423176e+57 |
|  72.5725753153 | 4.04356285929e+56 |  2.9216700016e+55 |   4.858591247e+56 | 4.10434334955e+57 |
|  72.6726754054 | 4.06546186906e+56 | 2.93350188398e+55 | 4.88490426374e+56 | 4.12657153253e+57 |
|  72.7727754955 | 4.08744885519e+56 | 2.94536505238e+55 | 4.91132298951e+56 | 4.14888901427e+57 |
|  72.8728755856 | 4.10952404807e+56 |  2.9572595454e+55 | 4.93784770118e+56 | 4.17129602865e+57 |
|  72.9729756757 |  4.1316876784e+56 | 2.96918540168e+55 | 4.96447867591e+56 |  4.1937928098e+57 |
|  73.0730757658 | 4.15393997713e+56 |  2.9811426598e+55 | 4.99121619121e+56 | 4.21637959217e+57 |
|  73.1731758559 | 4.17628117551e+56 | 2.99313135836e+55 | 5.01806052495e+56 | 4.23905661048e+57 |
|  73.2732759459 | 4.19871150503e+56 | 3.00515153594e+55 | 5.04501195527e+56 |  4.2618240997e+57 |
|   73.373376036 | 4.22123119754e+56 | 3.01720323115e+55 | 5.07207076078e+56 | 4.28468229516e+57 |
|  73.4734761261 | 4.24384048511e+56 | 3.02928648255e+55 | 5.09923722028e+56 | 4.30763143242e+57 |
|  73.5735762162 |  4.2665396001e+56 | 3.04140132871e+55 |   5.126511613e+56 | 4.33067174733e+57 |
|  73.6736763063 | 4.28932877515e+56 | 3.05354780817e+55 | 5.15389421845e+56 | 4.35380347603e+57 |
|  73.7737763964 | 4.31220824318e+56 | 3.06572595951e+55 | 5.18138531653e+56 | 4.37702685495e+57 |
|  73.8738764865 |  4.3351782374e+56 | 3.07793582125e+55 | 5.20898518742e+56 | 4.40034212079e+57 |
|  73.9739765766 | 4.35823899129e+56 | 3.09017743194e+55 | 5.23669411168e+56 | 4.42374951055e+57 |
|  74.0740766667 | 4.38139073861e+56 | 3.10245083011e+55 | 5.26451237018e+56 |  4.4472492615e+57 |
|  74.1741767568 | 4.40463371341e+56 | 3.11475605427e+55 | 5.29244024415e+56 | 4.47084161121e+57 |
|  74.2742768468 | 4.42796814999e+56 | 3.12709314293e+55 |  5.3204780151e+56 | 4.49452679749e+57 |
|  74.3743769369 | 4.45139428299e+56 | 3.13946213463e+55 | 5.34862596499e+56 | 4.51830505853e+57 |
|   74.474477027 | 4.47491234726e+56 | 3.15186306784e+55 | 5.37688437601e+56 |  4.5421766327e+57 |
|  74.5745771171 | 4.49852257799e+56 | 3.16429598107e+55 | 5.40525353072e+56 | 4.56614175871e+57 |
|  74.6746772072 | 4.52222521059e+56 | 3.17676091279e+55 | 5.43373371201e+56 | 4.59020067553e+57 |
|  74.7747772973 |  4.5460204808e+56 | 3.18925790149e+55 | 5.46232520312e+56 | 4.61435362243e+57 |
|  74.8748773874 | 4.56990862461e+56 | 3.20178698564e+55 | 5.49102828762e+56 | 4.63860083896e+57 |
|  74.9749774775 |  4.5938898783e+56 | 3.21434820369e+55 | 5.51984324941e+56 | 4.66294256494e+57 |
|  75.0750775676 | 4.61796447843e+56 | 3.22694159411e+55 | 5.54877037273e+56 | 4.68737904049e+57 |
|  75.1751776577 | 4.64213266184e+56 | 3.23956719534e+55 | 5.57780994215e+56 |   4.711910506e+57 |
|  75.2752777477 | 4.66639466562e+56 | 3.25222504581e+55 | 5.60696224255e+56 | 4.73653720214e+57 |
|  75.3753778378 |  4.6907507272e+56 | 3.26491518399e+55 | 5.63622755924e+56 | 4.76125936991e+57 |
|  75.4754779279 | 4.71520108425e+56 | 3.27763764828e+55 | 5.66560617777e+56 | 4.78607725054e+57 |
|   75.575578018 | 4.73974597472e+56 |  3.2903924771e+55 | 5.69509838406e+56 | 4.81099108555e+57 |
|  75.6756781081 | 4.76438563683e+56 | 3.30317970888e+55 | 5.72470446435e+56 | 4.83600111676e+57 |
|  75.7757781982 |  4.7891203091e+56 |   3.315999382e+55 | 5.75442470523e+56 | 4.86110758627e+57 |
|  75.8758782883 | 4.81395023032e+56 | 3.32885153488e+55 | 5.78425939362e+56 | 4.88631073646e+57 |
|  75.9759783784 | 4.83887563956e+56 | 3.34173620589e+55 | 5.81420881678e+56 | 4.91161080998e+57 |
|  76.0760784685 | 4.86389677616e+56 | 3.35465343343e+55 |  5.8442732623e+56 | 4.93700804979e+57 |
|  76.1761785586 | 4.88901387975e+56 | 3.36760325587e+55 |  5.8744530181e+56 |  4.9625026991e+57 |
|  76.2762786486 | 4.91422719021e+56 | 3.38058571157e+55 | 5.90474837241e+56 | 4.98809500142e+57 |
|  76.3763787387 | 4.93953694778e+56 | 3.39360083891e+55 |  5.9351596139e+56 | 5.01378520057e+57 |
|  76.4764788288 | 4.96494339289e+56 | 3.40664867624e+55 | 5.96568703146e+56 | 5.03957354062e+57 |
|  76.5765789189 | 4.99044676627e+56 |  3.4197292619e+55 | 5.99633091434e+56 | 5.06546026591e+57 |
|   76.676679009 | 5.01604730896e+56 | 3.43284263424e+55 | 6.02709155216e+56 |  5.0914456211e+57 |
|  76.7767790991 | 5.04174526224e+56 | 3.44598883158e+55 | 6.05796923485e+56 | 5.11752985111e+57 |
|  76.8768791892 |  5.0675408677e+56 | 3.45916789225e+55 | 6.08896425267e+56 | 5.14371320113e+57 |
|  76.9769792793 | 5.09343436718e+56 | 3.47237985458e+55 | 6.12007689622e+56 | 5.16999591667e+57 |
|  77.0770793694 | 5.11942600282e+56 | 3.48562475687e+55 | 6.15130745645e+56 | 5.19637824349e+57 |
|  77.1771794595 | 5.14551601702e+56 | 3.49890263744e+55 | 6.18265622461e+56 | 5.22286042764e+57 |
|  77.2772795495 | 5.17170465245e+56 | 3.51221353455e+55 | 6.21412349229e+56 | 5.24944271544e+57 |
|  77.3773796396 | 5.19799215213e+56 | 3.52555748653e+55 | 6.24570955149e+56 | 5.27612535356e+57 |
|  77.4774797297 | 5.22437875927e+56 | 3.53893453166e+55 | 6.27741469444e+56 | 5.30290858886e+57 |
|  77.5775798198 | 5.25086471739e+56 |  3.5523447082e+55 | 6.30923921375e+56 | 5.32979266854e+57 |
|  77.6776799099 |  5.2774502703e+56 | 3.56578805443e+55 | 6.34118340237e+56 | 5.35677784005e+57 |
|       77.77778 | 5.30413566207e+56 | 3.57926460861e+55 | 6.37324755357e+56 | 5.38386435115e+57 |
|  77.8778800901 | 5.33092113706e+56 | 3.59277440899e+55 | 6.40543196094e+56 | 5.41105244985e+57 |
|  77.9779801802 |  5.3578069399e+56 | 3.60631749383e+55 | 6.43773691845e+56 | 5.43834238447e+57 |
|  78.0780802703 |  5.3847933155e+56 | 3.61989390136e+55 | 6.47016272036e+56 | 5.46573440361e+57 |
|  78.1781803604 | 5.41188050904e+56 | 3.63350366981e+55 | 6.50270966127e+56 | 5.49322875613e+57 |
|  78.2782804505 |   5.439068766e+56 | 3.64714683742e+55 | 6.53537803614e+56 | 5.52082569119e+57 |
|  78.3783805405 |  5.4663583321e+56 |  3.6608234424e+55 |  6.5681681402e+56 |  5.5485254582e+57 |
|  78.4784806306 | 5.49374945339e+56 | 3.67453352298e+55 | 6.60108026914e+56 | 5.57632830694e+57 |
|  78.5785807207 | 5.52124237616e+56 | 3.68827711735e+55 | 6.63411471885e+56 | 5.60423448737e+57 |
|  78.6786808108 | 5.54883734698e+56 | 3.70205426371e+55 | 6.66727178561e+56 | 5.63224424977e+57 |
|  78.7787809009 |  5.5765346127e+56 | 3.71586500027e+55 | 6.70055176604e+56 | 5.66035784472e+57 |
|   78.878880991 | 5.60433442046e+56 | 3.72970936519e+55 | 6.73395495707e+56 | 5.68857552306e+57 |
|  78.9789810811 | 5.63223701766e+56 | 3.74358739667e+55 | 6.76748165598e+56 |  5.7168975359e+57 |
|  79.0790811712 | 5.66024265198e+56 | 3.75749913287e+55 | 6.80113216037e+56 | 5.74532413466e+57 |
|  79.1791812613 | 5.68835157138e+56 | 3.77144461196e+55 |  6.8349067682e+56 | 5.77385557103e+57 |
|  79.2792813514 | 5.71656402411e+56 | 3.78542387209e+55 | 6.86880577772e+56 | 5.80249209697e+57 |
|  79.3793814414 | 5.74488025864e+56 |  3.7994369514e+55 | 6.90282948751e+56 | 5.83123396471e+57 |
|  79.4794815315 | 5.77330052384e+56 | 3.81348388807e+55 | 6.93697819659e+56 | 5.86008142684e+57 |
|  79.5795816216 | 5.80182506873e+56 | 3.82756472021e+55 | 6.97125220418e+56 | 5.88903473614e+57 |
|  79.6796817117 | 5.83045414266e+56 | 3.84167948596e+55 | 7.00565180989e+56 |  5.9180941457e+57 |
|  79.7797818018 | 5.85918799527e+56 | 3.85582822344e+55 | 7.04017731367e+56 |  5.9472599089e+57 |
|  79.8798818919 | 5.88802687644e+56 | 3.87001097077e+55 | 7.07482901576e+56 | 5.97653227939e+57 |
|   79.979981982 | 5.91697103635e+56 | 3.88422776605e+55 | 7.10960721679e+56 | 6.00591151111e+57 |
|  80.0800820721 | 5.94602072545e+56 |  3.8984786474e+55 | 7.14451221768e+56 | 6.03539785829e+57 |
|  80.1801821622 | 5.97517619448e+56 | 3.91276365289e+55 | 7.17954431971e+56 |  6.0649915754e+57 |
|  80.2802822523 | 6.00443769443e+56 | 3.92708282064e+55 | 7.21470382446e+56 | 6.09469291724e+57 |
|  80.3803823423 | 6.03380547657e+56 | 3.94143618869e+55 | 7.24999103383e+56 | 6.12450213884e+57 |
|  80.4804824324 |  6.0632797925e+56 | 3.95582379516e+55 | 7.28540625016e+56 | 6.15441949558e+57 |
|  80.5805825225 | 6.09286089404e+56 |  3.9702456781e+55 | 7.32094977601e+56 | 6.18444524307e+57 |
|  80.6806826126 | 6.12254903329e+56 | 3.98470187558e+55 |  7.3566219143e+56 |  6.2145796372e+57 |
|  80.7807827027 | 6.15234446264e+56 | 3.99919242564e+55 | 7.39242296829e+56 | 6.24482293416e+57 |
|  80.8808827928 | 6.18224743476e+56 | 4.01371736633e+55 | 7.42835324158e+56 |  6.2751753904e+57 |
|  80.9809828829 | 6.21225820258e+56 | 4.02827673571e+55 | 7.46441303808e+56 | 6.30563726266e+57 |
|   81.081082973 | 6.24237701932e+56 |  4.0428705718e+55 | 7.50060266205e+56 | 6.33620880798e+57 |
|  81.1811830631 | 6.27260413847e+56 | 4.05749891263e+55 | 7.53692241808e+56 | 6.36689028365e+57 |
|  81.2812831532 | 6.30293981381e+56 | 4.07216179621e+55 | 7.57337261109e+56 | 6.39768194725e+57 |
|  81.3813832432 | 6.33338429933e+56 | 4.08685926057e+55 | 7.60995354628e+56 | 6.42858405661e+57 |
|  81.4814833333 | 6.36393784943e+56 | 4.10159134372e+55 |  7.6466655293e+56 | 6.45959686994e+57 |
|  81.5815834234 | 6.39460071867e+56 | 4.11635808365e+55 | 7.68350886605e+56 | 6.49072064563e+57 |
|  81.6816835135 | 6.42537316191e+56 | 4.13115951837e+55 | 7.72048386276e+56 | 6.52195564238e+57 |
|  81.7817836036 | 6.45625543431e+56 | 4.14599568585e+55 |   7.757590826e+56 | 6.55330211918e+57 |
|  81.8818836937 | 6.48724779129e+56 | 4.16086662408e+55 | 7.79483006268e+56 | 6.58476033529e+57 |
|  81.9819837838 | 6.51835048855e+56 | 4.17577237104e+55 | 7.83220188003e+56 | 6.61633055024e+57 |
|  82.0820838739 | 6.54956378206e+56 | 4.19071296469e+55 | 7.86970658564e+56 | 6.64801302386e+57 |
|   82.182183964 | 6.58088792806e+56 | 4.20568844299e+55 | 7.90734448739e+56 | 6.67980801625e+57 |
|  82.2822840541 |  6.6123231831e+56 | 4.22069884389e+55 | 7.94511589351e+56 |  6.7117157878e+57 |
|  82.3823841441 | 6.64386980393e+56 | 4.23574420534e+55 | 7.98302111254e+56 | 6.74373659912e+57 |
|  82.4824842342 | 6.67552804769e+56 | 4.25082456529e+55 | 8.02106045343e+56 | 6.77587071123e+57 |
|  82.5825843243 |  6.7072981717e+56 | 4.26593996167e+55 | 8.05923422538e+56 | 6.80811838531e+57 |
|  82.6826844144 | 6.73918043359e+56 | 4.28109043242e+55 | 8.09754273794e+56 | 6.84047988286e+57 |
|  82.7827845045 | 6.77117509127e+56 | 4.29627601544e+55 | 8.13598630098e+56 | 6.87295546566e+57 |
|  82.8828845946 |  6.8032824029e+56 | 4.31149674865e+55 | 8.17456522474e+56 | 6.90554539577e+57 |
|  82.9829846847 | 6.83550262694e+56 | 4.32675266997e+55 | 8.21327981975e+56 | 6.93824993551e+57 |
|  83.0830847748 | 6.86783602211e+56 | 4.34204381729e+55 | 8.25213039689e+56 | 6.97106934752e+57 |
|  83.1831848649 | 6.90028284743e+56 | 4.35737022851e+55 | 8.29111726737e+56 | 7.00400389469e+57 |
|   83.283284955 | 6.93284336216e+56 | 4.37273194151e+55 | 8.33024074273e+56 | 7.03705384018e+57 |
|   83.383385045 | 6.96551782583e+56 | 4.38812899417e+55 | 8.36950113479e+56 | 7.07021944742e+57 |
|  83.4834851351 | 6.99830649832e+56 | 4.40356142438e+55 | 8.40889875583e+56 | 7.10350098021e+57 |
|  83.5835852252 | 7.03120963971e+56 | 4.41902927001e+55 | 8.44843391834e+56 | 7.13689870253e+57 |
|  83.6836853153 | 7.06422751038e+56 | 4.43453256891e+55 | 8.48810693518e+56 | 7.17041287867e+57 |
|  83.7837854054 | 7.09736037097e+56 | 4.45007135894e+55 | 8.52791811953e+56 | 7.20404377319e+57 |
|  83.8838854955 | 7.13060848241e+56 | 4.46564567795e+55 | 8.56786778493e+56 | 7.23779165095e+57 |
|  83.9839855856 |  7.1639721059e+56 | 4.48125556378e+55 | 8.60795624521e+56 | 7.27165677707e+57 |
|  84.0840856757 | 7.19745150292e+56 | 4.49690105427e+55 | 8.64818381455e+56 | 7.30563941695e+57 |
|  84.1841857658 | 7.23104693522e+56 | 4.51258218725e+55 | 8.68855080747e+56 | 7.33973983629e+57 |
|  84.2842858559 | 7.26475866482e+56 | 4.52829900053e+55 |  8.7290575388e+56 | 7.37395830105e+57 |
|  84.3843859459 | 7.29858695399e+56 | 4.54405153192e+55 | 8.76970432367e+56 | 7.40829507743e+57 |
|   84.484486036 | 7.33253206537e+56 | 4.55983981927e+55 | 8.81049147766e+56 | 7.44275043202e+57 |
|  84.5845861261 | 7.36659426176e+56 | 4.57566390036e+55 | 8.85141931656e+56 | 7.47732463159e+57 |
|  84.6846862162 | 7.40077380631e+56 | 4.59152381298e+55 | 8.89248815652e+56 |  7.5120179432e+57 |
|  84.7847863063 | 7.43507096239e+56 | 4.60741959493e+55 | 8.93369831403e+56 | 7.54683063423e+57 |
|  84.8848863964 | 7.46948599368e+56 | 4.62335128399e+55 | 8.97505010591e+56 | 7.58176297231e+57 |
|  84.9849864865 | 7.50401916413e+56 | 4.63931891794e+55 |  9.0165438493e+56 | 7.61681522533e+57 |
|  85.0850865766 | 7.53867073796e+56 | 4.65532253455e+55 | 9.05817986168e+56 |  7.6519876615e+57 |
|  85.1851866667 | 7.57344097965e+56 | 4.67136217159e+55 | 9.09995846086e+56 | 7.68728054929e+57 |
|  85.2852867568 | 7.60833015397e+56 | 4.68743786681e+55 | 9.14187996496e+56 | 7.72269415744e+57 |
|  85.3853868468 | 7.64333852594e+56 | 4.70354965796e+55 | 9.18394469241e+56 | 7.75822875493e+57 |
|  85.4854869369 | 7.67846636093e+56 |  4.7196975828e+55 | 9.22615296209e+56 | 7.79388461116e+57 |
|   85.585587027 |  7.7137139245e+56 | 4.73588167906e+55 | 9.26850509307e+56 | 7.82966199565e+57 |
|  85.6856871171 | 7.74908148252e+56 | 4.75210198447e+55 | 9.31100140481e+56 | 7.86556117827e+57 |
|  85.7857872072 | 7.78456930111e+56 | 4.76835853677e+55 | 9.35364221707e+56 | 7.90158242915e+57 |
|  85.8858872973 | 7.82017764669e+56 | 4.78465137367e+55 | 9.39642784999e+56 | 7.93772601872e+57 |
|  85.9859873874 | 7.85590678594e+56 | 4.80098053288e+55 | 9.43935862398e+56 | 7.97399221765e+57 |
|  86.0860874775 | 7.89175698582e+56 | 4.81734605211e+55 | 9.48243485981e+56 | 8.01038129693e+57 |
|  86.1861875676 | 7.92772851356e+56 | 4.83374796907e+55 | 9.52565687859e+56 | 8.04689352781e+57 |
|  86.2862876577 | 7.96382163667e+56 | 4.85018632144e+55 | 9.56902500173e+56 | 8.08352918179e+57 |
|  86.3863877477 | 8.00003662288e+56 | 4.86666114691e+55 | 9.61253955094e+56 | 8.12028853066e+57 |
|  86.4864878378 | 8.03637374033e+56 | 4.88317248318e+55 | 9.65620084839e+56 | 8.15717184657e+57 |
|  86.5865879279 | 8.07283325729e+56 | 4.89972036791e+55 | 9.70000921645e+56 | 8.19417940184e+57 |
|   86.686688018 | 8.10941544238e+56 | 4.91630483878e+55 | 9.74396497785e+56 |  8.2313114691e+57 |
|  86.7867881081 | 8.14612056446e+56 | 4.93292593344e+55 | 9.78806845566e+56 | 8.26856832127e+57 |
|  86.8868881982 | 8.18294889267e+56 | 4.94958368956e+55 | 9.83231997327e+56 | 8.30595023154e+57 |
|  86.9869882883 | 8.21990069643e+56 | 4.96627814478e+55 | 9.87671985441e+56 | 8.34345747337e+57 |
|  87.0870883784 | 8.25697624544e+56 | 4.98300933675e+55 | 9.92126842313e+56 | 8.38109032051e+57 |
|  87.1871884685 | 8.29417580966e+56 |  4.9997773031e+55 |  9.9659660038e+56 | 8.41884904699e+57 |
|  87.2872885586 | 8.33149965932e+56 | 5.01658208148e+55 | 1.00108129211e+57 | 8.45673392711e+57 |
|  87.3873886486 | 8.36894806491e+56 | 5.03342370948e+55 | 1.00558095001e+57 | 8.49474523539e+57 |
|  87.4874887387 | 8.40652129727e+56 | 5.05030222476e+55 | 1.01009560662e+57 | 8.53288324678e+57 |
|  87.5875888288 | 8.44421962744e+56 | 5.06721766492e+55 | 1.01462529451e+57 | 8.57114823636e+57 |
|  87.6876889189 | 8.48204332673e+56 | 5.08417006756e+55 | 1.01917004627e+57 | 8.60954047955e+57 |
|   87.787789009 | 8.51999266675e+56 | 5.10115947028e+55 | 1.02372989454e+57 | 8.64806025203e+57 |
|  87.8878890991 | 8.55806791937e+56 | 5.11818591068e+55 |   1.028304872e+57 | 8.68670782975e+57 |
|  87.9879891892 | 8.59626935675e+56 | 5.13524942634e+55 | 1.03289501133e+57 | 8.72548348897e+57 |
|  88.0880892793 |  8.6345972513e+56 | 5.15235005486e+55 | 1.03750034528e+57 | 8.76438750618e+57 |
|  88.1881893694 | 8.67305187571e+56 | 5.16948783379e+55 |  1.0421209066e+57 |  8.8034201582e+57 |
|  88.2882894595 | 8.71163350296e+56 | 5.18666280072e+55 |  1.0467567281e+57 | 8.84258172208e+57 |
|  88.3883895495 | 8.75034240624e+56 | 5.20387499319e+55 | 1.05140784261e+57 | 8.88187247513e+57 |
|  88.4884896396 | 8.78917885915e+56 | 5.22112444879e+55 | 1.05607428299e+57 | 8.92129269505e+57 |
|  88.5885897297 | 8.82814313541e+56 | 5.23841120505e+55 | 1.06075608214e+57 | 8.96084265971e+57 |
|  88.6886898198 |  8.8672355091e+56 | 5.25573529952e+55 | 1.06545327299e+57 | 9.00052264727e+57 |
|  88.7887899099 | 8.90645625454e+56 | 5.27309676974e+55 |  1.0701658885e+57 | 9.04033293619e+57 |
|       88.88889 | 8.94580564633e+56 | 5.29049565323e+55 | 1.07489396166e+57 |  9.0802738052e+57 |
|  88.9889900901 | 8.98528395934e+56 | 5.30793198754e+55 | 1.07963752551e+57 |  9.1203455333e+57 |
|  89.0890901802 | 9.02489146871e+56 | 5.32540581017e+55 | 1.08439661311e+57 | 9.16054839977e+57 |
|  89.1891902703 | 9.06462844988e+56 | 5.34291715864e+55 | 1.08917125754e+57 | 9.20088268418e+57 |
|  89.2892903604 | 9.10449517852e+56 | 5.36046607046e+55 | 1.09396149193e+57 | 9.24134866635e+57 |
|  89.3893904505 | 9.14449193059e+56 | 5.37805258312e+55 | 1.09876734945e+57 | 9.28194662639e+57 |
|  89.4894905405 |  9.1846189823e+56 | 5.39567673412e+55 | 1.10358886327e+57 | 9.32267684465e+57 |
|  89.5895906306 | 9.22487661022e+56 | 5.41333856097e+55 | 1.10842606663e+57 | 9.36353960187e+57 |
|  89.6896907207 | 9.26526509109e+56 | 5.43103810114e+55 | 1.11327899279e+57 | 9.40453517895e+57 |
|  89.7897908108 | 9.30578470197e+56 | 5.44877539211e+55 | 1.11814767503e+57 |  9.4456638571e+57 |
|  89.8898909009 | 9.34643572017e+56 | 5.46655047134e+55 | 1.12303214667e+57 | 9.48692591782e+57 |
|   89.989990991 |  9.3872184233e+56 | 5.48436337631e+55 | 1.12793244107e+57 | 9.52832164286e+57 |
|  90.0900910811 |  9.4281330892e+56 | 5.50221414447e+55 | 1.13284859162e+57 | 9.56985131428e+57 |
|  90.1901911712 | 9.46917999602e+56 | 5.52010281327e+55 | 1.13778063173e+57 | 9.61151521439e+57 |
|  90.2902912613 | 9.51035942218e+56 | 5.53802942017e+55 | 1.14272859487e+57 | 9.65331362578e+57 |
|  90.3903913514 | 9.55167164634e+56 |  5.5559940026e+55 |  1.1476925145e+57 | 9.69524683132e+57 |
|  90.4904914414 | 9.59311694742e+56 | 5.57399659798e+55 | 1.15267242415e+57 | 9.73731511411e+57 |
|  90.5905915315 | 9.63469560473e+56 | 5.59203724378e+55 | 1.15766835738e+57 | 9.77951875767e+57 |
|  90.6906916216 | 9.67640789772e+56 | 5.61011597739e+55 | 1.16268034776e+57 | 9.82185804564e+57 |
|  90.7907917117 | 9.71825410615e+56 | 5.62823283625e+55 | 1.16770842891e+57 | 9.86433326199e+57 |
|  90.8908918018 | 9.76023451006e+56 | 5.64638785775e+55 | 1.17275263448e+57 | 9.90694469097e+57 |
|  90.9909918919 | 9.80234938977e+56 | 5.66458107931e+55 | 1.17781299815e+57 | 9.94969261711e+57 |
|   91.091091982 | 9.84459902586e+56 | 5.68281253832e+55 | 1.18288955364e+57 | 9.99257732521e+57 |
|  91.1911920721 | 9.88698369916e+56 | 5.70108227218e+55 | 1.18798233468e+57 | 1.00355991003e+58 |
|  91.2912921622 | 9.92950369082e+56 | 5.71939031826e+55 | 1.19309137506e+57 | 1.00787582278e+58 |
|  91.3913922523 | 9.97215928222e+56 | 5.73773671396e+55 | 1.19821670859e+57 | 1.01220549933e+58 |
|  91.4914923423 |  1.0014950755e+57 | 5.75612149663e+55 | 1.20335836911e+57 | 1.01654896827e+58 |
|  91.5915924324 | 1.00578783911e+57 | 5.77454470368e+55 |  1.2085163905e+57 | 1.02090625821e+58 |
|  91.6916925225 | 1.01009424728e+57 | 5.79300637244e+55 | 1.21369080667e+57 | 1.02527739781e+58 |
|  91.7917926126 | 1.01441432826e+57 | 5.81150654029e+55 | 1.21888165156e+57 | 1.02966241574e+58 |
|  91.8918927027 | 1.01874811031e+57 | 5.83004524456e+55 | 1.22408895914e+57 | 1.03406134068e+58 |
|  91.9919927928 | 1.02309562174e+57 |  5.8486225226e+55 | 1.22931276343e+57 | 1.03847420139e+58 |
|  92.0920928829 | 1.02745689088e+57 | 5.86723841176e+55 | 1.23455309845e+57 | 1.04290102659e+58 |
|   92.192192973 | 1.03183194609e+57 | 5.88589294937e+55 | 1.23980999829e+57 | 1.04734184509e+58 |
|  92.2922930631 | 1.03622081575e+57 | 5.90458617275e+55 | 1.24508349704e+57 | 1.05179668569e+58 |
|  92.3923931532 | 1.04062352826e+57 | 5.92331811922e+55 | 1.25037362885e+57 | 1.05626557722e+58 |
|  92.4924932432 | 1.04504011207e+57 | 5.94208882609e+55 | 1.25568042787e+57 | 1.06074854856e+58 |
|  92.5925933333 | 1.04947059564e+57 |  5.9608983307e+55 | 1.26100392832e+57 | 1.06524562859e+58 |
|  92.6926934234 | 1.05391500747e+57 | 5.97974667033e+55 | 1.26634416443e+57 | 1.06975684623e+58 |
|  92.7927935135 | 1.05837337607e+57 | 5.99863388229e+55 | 1.27170117047e+57 | 1.07428223044e+58 |
|  92.8928936036 | 1.06284572998e+57 | 6.01756000386e+55 | 1.27707498073e+57 | 1.07882181018e+58 |
|  92.9929936937 | 1.06733209779e+57 | 6.03652507233e+55 | 1.28246562955e+57 | 1.08337561447e+58 |
|  93.0930937838 | 1.07183250808e+57 | 6.05552912498e+55 | 1.28787315129e+57 | 1.08794367232e+58 |
|  93.1931938739 | 1.07634698949e+57 | 6.07457219909e+55 | 1.29329758035e+57 | 1.09252601279e+58 |
|   93.293293964 | 1.08087557068e+57 | 6.09365433193e+55 | 1.29873895115e+57 | 1.09712266498e+58 |
|  93.3933940541 | 1.08541828031e+57 | 6.11277556075e+55 | 1.30419729817e+57 | 1.10173365799e+58 |
|  93.4934941441 |  1.0899751471e+57 |  6.1319359228e+55 | 1.30967265588e+57 | 1.10635902096e+58 |
|  93.5935942342 | 1.09454619979e+57 | 6.15113545536e+55 | 1.31516505883e+57 | 1.11099878306e+58 |
|  93.6936943243 | 1.09913146713e+57 | 6.17037419566e+55 | 1.32067454158e+57 | 1.11565297348e+58 |
|  93.7937944144 | 1.10373097792e+57 | 6.18965218094e+55 |  1.3262011387e+57 | 1.12032162145e+58 |
|  93.8938945045 | 1.10834476098e+57 | 6.20896944844e+55 | 1.33174488483e+57 | 1.12500475621e+58 |
|  93.9939945946 | 1.11297284513e+57 | 6.22832603538e+55 | 1.33730581462e+57 | 1.12970240704e+58 |
|  94.0940946847 | 1.11761525926e+57 | 6.24772197899e+55 | 1.34288396277e+57 | 1.13441460325e+58 |
|  94.1941947748 | 1.12227203227e+57 | 6.26715731647e+55 | 1.34847936399e+57 | 1.13914137416e+58 |
|  94.2942948649 | 1.12694319307e+57 | 6.28663208504e+55 | 1.35409205303e+57 | 1.14388274914e+58 |
|   94.394394955 | 1.13162877061e+57 | 6.30614632192e+55 | 1.35972206469e+57 | 1.14863875756e+58 |
|   94.494495045 | 1.13632879388e+57 | 6.32570006426e+55 | 1.36536943378e+57 | 1.15340942885e+58 |
|  94.5945951351 | 1.14104329188e+57 | 6.34529334931e+55 | 1.37103419516e+57 | 1.15819479245e+58 |
|  94.6946952252 | 1.14577229364e+57 | 6.36492621424e+55 | 1.37671638371e+57 | 1.16299487782e+58 |
|  94.7947953153 | 1.15051582822e+57 | 6.38459869623e+55 | 1.38241603434e+57 | 1.16780971446e+58 |
|  94.8948954054 | 1.15527392471e+57 | 6.40431083244e+55 |   1.388133182e+57 |  1.1726393319e+58 |
|  94.9949954955 | 1.16004661222e+57 | 6.42406266006e+55 | 1.39386786168e+57 | 1.17748375967e+58 |
|  95.0950955856 | 1.16483391988e+57 | 6.44385421625e+55 | 1.39962010838e+57 | 1.18234302737e+58 |
|  95.1951956757 | 1.16963587688e+57 | 6.46368553816e+55 | 1.40538995716e+57 | 1.18721716459e+58 |
|  95.2952957658 | 1.17445251239e+57 | 6.48355666296e+55 | 1.41117744308e+57 | 1.19210620098e+58 |
|  95.3953958559 | 1.17928385564e+57 | 6.50346762777e+55 | 1.41698260127e+57 | 1.19701016618e+58 |
|  95.4954959459 | 1.18412993588e+57 | 6.52341846974e+55 | 1.42280546686e+57 | 1.20192908988e+58 |
|   95.595596036 | 1.18899078238e+57 | 6.54340922603e+55 | 1.42864607503e+57 | 1.20686300181e+58 |
|  95.6956961261 | 1.19386642445e+57 | 6.56343993375e+55 | 1.43450446099e+57 |  1.2118119317e+58 |
|  95.7957962162 | 1.19875689141e+57 | 6.58351063003e+55 | 1.44038065997e+57 | 1.21677590932e+58 |
|  95.8958963063 | 1.20366221262e+57 | 6.60362135199e+55 | 1.44627470725e+57 | 1.22175496447e+58 |
|  95.9959963964 | 1.20858241746e+57 | 6.62377213673e+55 | 1.45218663814e+57 | 1.22674912697e+58 |
|  96.0960964865 | 1.21351753533e+57 | 6.64396302138e+55 | 1.45811648797e+57 | 1.23175842667e+58 |
|  96.1961965766 | 1.21846759569e+57 | 6.66419404302e+55 |  1.4640642921e+57 | 1.23678289346e+58 |
|  96.2962966667 | 1.22343262798e+57 | 6.68446523876e+55 | 1.47003008595e+57 | 1.24182255724e+58 |
|  96.3963967568 |  1.2284126617e+57 | 6.70477664568e+55 | 1.47601390494e+57 | 1.24687744793e+58 |
|  96.4964968468 | 1.23340772636e+57 | 6.72512830085e+55 | 1.48201578454e+57 |  1.2519475955e+58 |
|  96.5965969369 | 1.23841785151e+57 | 6.74552024139e+55 | 1.48803576026e+57 | 1.25703302995e+58 |
|   96.696697027 | 1.24344306672e+57 | 6.76595250435e+55 | 1.49407386761e+57 | 1.26213378128e+58 |
|  96.7967971171 | 1.24848340159e+57 |  6.7864251268e+55 | 1.50013014217e+57 | 1.26724987954e+58 |
|  96.8968972072 | 1.25353888574e+57 | 6.80693814581e+55 | 1.50620461953e+57 | 1.27238135479e+58 |
|  96.9969972973 | 1.25860954882e+57 | 6.82749159842e+55 | 1.51229733532e+57 | 1.27752823714e+58 |
|  97.0970973874 | 1.26369542052e+57 |  6.8480855217e+55 |  1.5184083252e+57 | 1.28269055671e+58 |
|  97.1971974775 | 1.26879653052e+57 | 6.86871995268e+55 | 1.52453762485e+57 | 1.28786834364e+58 |
|  97.2972975676 | 1.27391290858e+57 |  6.8893949284e+55 | 1.53068527001e+57 | 1.29306162812e+58 |
|  97.3973976577 | 1.27904458444e+57 |  6.9101104859e+55 | 1.53685129643e+57 | 1.29827044036e+58 |
|  97.4974977477 | 1.28419158789e+57 | 6.93086666219e+55 |  1.5430357399e+57 | 1.30349481057e+58 |
|  97.5975978378 | 1.28935394875e+57 | 6.95166349434e+55 | 1.54923863624e+57 | 1.30873476904e+58 |
|  97.6976979279 | 1.29453169685e+57 | 6.97250101932e+55 | 1.55546002131e+57 | 1.31399034605e+58 |
|   97.797798018 | 1.29972486206e+57 | 6.99337927417e+55 | 1.56169993099e+57 | 1.31926157191e+58 |
|  97.8978981081 | 1.30493347427e+57 | 7.01429829589e+55 | 1.56795840121e+57 | 1.32454847696e+58 |
|  97.9979981982 | 1.31015756341e+57 | 7.03525812147e+55 |  1.5742354679e+57 | 1.32985109157e+58 |
|  98.0980982883 | 1.31539715941e+57 | 7.05625878791e+55 | 1.58053116706e+57 | 1.33516944614e+58 |
|  98.1981983784 | 1.32065229226e+57 |  7.0773003322e+55 | 1.58684553469e+57 | 1.34050357109e+58 |
|  98.2982984685 | 1.32592299195e+57 | 7.09838279133e+55 | 1.59317860685e+57 | 1.34585349688e+58 |
|  98.3983985586 | 1.33120928851e+57 | 7.11950620227e+55 | 1.59953041962e+57 | 1.35121925398e+58 |
|  98.4984986486 | 1.33651121199e+57 | 7.14067060198e+55 |  1.6059010091e+57 |  1.3566008729e+58 |
|  98.5985987387 | 1.34182879248e+57 | 7.16187602747e+55 | 1.61229041144e+57 | 1.36199838417e+58 |
|  98.6986988288 | 1.34716206007e+57 | 7.18312251566e+55 | 1.61869866282e+57 | 1.36741181835e+58 |
|  98.7987989189 | 1.35251104492e+57 | 7.20441010354e+55 | 1.62512579945e+57 | 1.37284120603e+58 |
|   98.898899009 | 1.35787577717e+57 | 7.22573882803e+55 | 1.63157185756e+57 | 1.37828657783e+58 |
|  98.9989990991 | 1.36325628702e+57 | 7.24710872609e+55 | 1.63803687343e+57 | 1.38374796438e+58 |
|  99.0990991892 | 1.36865260468e+57 | 7.26851983466e+55 | 1.64452088336e+57 | 1.38922539635e+58 |
|  99.1991992793 | 1.37406476039e+57 | 7.28997219068e+55 |  1.6510239237e+57 | 1.39471890445e+58 |
|  99.2992993694 | 1.37949278442e+57 | 7.31146583106e+55 |  1.6575460308e+57 | 1.40022851938e+58 |
|  99.3993994595 | 1.38493670707e+57 | 7.33300079274e+55 | 1.66408724107e+57 | 1.40575427192e+58 |
|  99.4994995495 | 1.39039655865e+57 | 7.35457711262e+55 | 1.67064759094e+57 | 1.41129619281e+58 |
|  99.5995996396 | 1.39587236951e+57 | 7.37619482763e+55 | 1.67722711689e+57 | 1.41685431289e+58 |
|  99.6996997297 | 1.40136417004e+57 | 7.39785397469e+55 | 1.68382585541e+57 | 1.42242866298e+58 |
|  99.7997998198 | 1.40687199064e+57 | 7.41955459067e+55 | 1.69044384302e+57 | 1.42801927394e+58 |
|  99.8998999099 | 1.41239586172e+57 | 7.44129671249e+55 |  1.6970811163e+57 | 1.43362617665e+58 |
|          100.0 | 1.41793581375e+57 | 7.46308037702e+55 | 1.70373771183e+57 | 1.43924940202e+58 |
